Cell,Patient,split,Stage,Stage_broad,Stage_group,z_obs,Stage_cat,y_cat,Cell_type,Cell_type.refined,Cell_subtype,Tissue,Sample,Sample_Origin,naive_prob_I,naive_prob_II_III,naive_prob_IV,cat_em_prob_I,cat_em_prob_II_III,cat_em_prob_IV,cat_mcem_prob_I,cat_mcem_prob_II_III,cat_mcem_prob_IV,cat_em_soft_label_I,cat_em_soft_label_II_III,cat_em_soft_label_IV,cat_mcem_soft_label_I,cat_mcem_soft_label_II_III,cat_mcem_soft_label_IV
CTAATGGGTGAAATCA_NS_03,P3003,train,IV,IV,Advanced,1,IV,2,Epithelial cells,Epithelial cells,Malignant cells,mBrain,NS_03,mBrain,0.03075157873697637,0.024198132549646485,0.9450502887133772,0.0003216884186625278,0.0005545887037806372,0.9991237228775568,0.0003284364048278662,0.000613042389809243,0.9990585212053629,6.898653540739621e-05,0.00011914256980864929,0.999811870894784,7.239075280900951e-05,0.000148852709954076,0.9997787565372369
CTAATGGGTATAAACG_NS_13,P3013,train,IV,IV,Advanced,1,IV,2,MAST cells,MAST cells,MAST,mBrain,NS_13,mBrain,0.44091543826790547,0.5208752539581125,0.03820930777398196,0.21201145467429516,0.7879881980562118,3.4726949301318277e-07,0.2465471409424982,0.7534493058562199,3.553201281952237e-06,0.21171876160829234,0.7882796153945032,1.6229972043553729e-06,0.24651237469382178,0.753473818276935,1.3807029243195464e-05
CGTCACTGTCTTGTCC_NS_03,P3003,train,IV,IV,Advanced,1,IV,2,Epithelial cells,Epithelial cells,Malignant cells,mBrain,NS_03,mBrain,0.049994746814362306,0.03869722073268422,0.9113080324529534,0.0002762904265509964,0.0005860401561979242,0.9991376694172511,0.000302193189740951,0.0006579472063512163,0.9990398596039078,5.9256343252615354e-05,0.00012590694303696046,0.9998148367137104,6.601384395618354e-05,0.00015570659360278902,0.999778279562441
CTCGAGGAGCCACGCT_NS_17,P3017,train,IV,IV,Advanced,1,IV,2,Myeloid cells,Myeloid cells,Microglia/Mac,mBrain,NS_17,mBrain,0.09100558975273505,0.06869243060729893,0.8403019796399661,0.0004491325009481829,0.0003844188074528281,0.9991664486915991,0.0006621568307441944,0.0007250908820212253,0.9986127522872346,9.694681687708459e-05,8.285664533737083e-05,0.9998201965377856,0.00014642816362688178,0.00016047263588885805,0.9996930992004842
TACGGATTCTTGCAAG_NS_12,P3012,train,IV,IV,Advanced,1,IV,2,Epithelial cells,Epithelial cells,Malignant cells,mBrain,NS_12,mBrain,0.12678266426807194,0.10125521025953618,0.7719621254723918,4.5255449169218515e-05,0.00015691135381145822,0.9997978331970194,7.557881175438589e-05,0.00023958302375212754,0.9996848381644935,9.715911463423922e-06,3.3748641478568895e-05,0.999956535447058,1.589112742808689e-05,5.082474995487767e-05,0.9999332841226171
TGACAACGTTCACCTC_NS_03,P3003,train,IV,IV,Advanced,1,IV,2,Epithelial cells,Epithelial cells,,mBrain,NS_03,mBrain,0.10048677486634125,0.05248468315845048,0.8470285419752084,0.022621981574337802,0.006093893415541789,0.9712841250101204,0.02327857105421947,0.006725890919155372,0.9699955380266252,0.004961853431977524,0.0013396331410320543,0.9936985134269904,0.005237432456831135,0.0015906623945648641,0.993171905148604
CATCAAGTCCTTGACC_NS_12,P3012,train,IV,IV,Advanced,1,IV,2,Epithelial cells,Epithelial cells,Malignant cells,mBrain,NS_12,mBrain,0.05263333927280246,0.0531011967956117,0.8942654639315858,6.581270183346386e-06,4.7389805823420405e-05,0.9999460289239932,1.0552164387883732e-05,7.2713633927194e-05,0.9999167342016849,1.4124522645510414e-06,1.0187477943335346e-05,0.9999884000697921,2.2388873843155526e-06,1.6058400538501507e-05,0.9999817027120772
AGGCCGTGTTGGTTTG_NS_16,P3016,train,IIIA,III,Advanced,1,II_III,1,Oligodendrocytes,,,mBrain,NS_16,mBrain,0.31916513464752755,0.43201150564870827,0.24882335970376415,0.35323438826656883,0.6169687058586005,0.02979690587483065,0.36081883189180247,0.5926290926001496,0.046552075508048,0.10832757201432874,0.8825465690689469,0.009125858916724301,0.11968491321427187,0.8668702823181287,0.013444804467599537
AAAGTAGAGAATTCCC_NS_17,P3017,train,IV,IV,Advanced,1,IV,2,Myeloid cells,Myeloid cells,Microglia/Mac,mBrain,NS_17,mBrain,0.29699675995984537,0.1527078660619002,0.5502953739782545,0.1530034295505244,0.03806833815059783,0.8089282322988778,0.14725413735095702,0.0388866936004245,0.8138591690486185,0.03867855367133419,0.009636549138985475,0.9516848971896804,0.037419518382143725,0.009920641068474814,0.9526598405493815
ATCATGGGTTGTGGAG_NS_03,P3003,train,IV,IV,Advanced,1,IV,2,Epithelial cells,Epithelial cells,Malignant cells,mBrain,NS_03,mBrain,0.06104149606905293,0.04340087420690429,0.8955576297240427,0.0009396516617589181,0.001366489851536536,0.9976938584867046,0.0009616023587829617,0.0014419761594657416,0.9975964214817513,0.00020172678932816796,0.0002938448643693093,0.9995044283463025,0.00021162429106601208,0.0003436938558988071,0.9994446818530351
GCATGATGTGAGGGTT_NS_13,P3013,train,IV,IV,Advanced,1,IV,2,T lymphocytes,T/NK cells,Undetermined,mBrain,NS_13,mBrain,0.33788777641118756,0.2095122973958694,0.45259992619294304,0.10546427687885894,0.0730300977998574,0.8215056253212837,0.10330763712852864,0.06330436238895643,0.8333880004825149,0.026307851404489237,0.018269501820258188,0.9554226467752526,0.02572844093763292,0.015859329369566463,0.9584122296928007
CGTTAGATCGCCATAA_NS_16,P3016,train,IIIA,III,Advanced,1,II_III,1,NK cells,T/NK cells,NK,mBrain,NS_16,mBrain,0.2931179390705224,0.23124735772416682,0.47563470320531076,0.469764325752623,0.303287392956855,0.22694828129052202,0.4757834548623443,0.2476191028272838,0.2765974423103719,0.2222617010925377,0.6705029989722364,0.1072352999352258,0.24520293186301645,0.6176395189805954,0.1371575491563881
GTAACTGGTTCTCATT_NS_16,P3016,train,IIIA,III,Advanced,1,II_III,1,B lymphocytes,B lymphocytes,MALT B cells,mBrain,NS_16,mBrain,0.5771772560234874,0.2510681633130032,0.17175458066350943,0.8189697237819061,0.1807924500401428,0.0002378261779511111,0.8179473081718235,0.18123159172672554,0.000821100101451034,0.49208578144249393,0.5077710775622262,0.00014314099527998938,0.4864344934984829,0.5131242352600882,0.00044127124142881094
CCCAATCCAGGTCCAC_NS_12,P3012,train,IV,IV,Advanced,1,IV,2,Epithelial cells,Epithelial cells,Malignant cells,mBrain,NS_12,mBrain,0.13161914343420966,0.08881569692312238,0.7795651596426679,0.00016646119255770014,0.000335109373054257,0.999498429434388,0.0002451615975053639,0.0004595439815530328,0.9992952944209416,3.572561733495566e-05,7.20596523758049e-05,0.9998922147302892,5.18137516879238e-05,9.968479700620922e-05,0.9998485014513059
GACTACACACCGCTAG_NS_03,P3003,train,IV,IV,Advanced,1,IV,2,Epithelial cells,Epithelial cells,Malignant cells,mBrain,NS_03,mBrain,0.027772931983846266,0.027237014049090125,0.9449900539670637,6.101127658146305e-05,0.0002772248447616198,0.999661763878657,6.546404401765785e-05,0.00031176504158675735,0.9996227709143957,1.3081147427087024e-05,5.951582409132227e-05,0.9999274030284815,1.4426775061813638e-05,7.571772222620249e-05,0.9999098555027119
GTCGGGTCAAAGGAAG_NS_19,P3019,train,IV,IV,Advanced,1,IV,2,Myeloid cells,Myeloid cells,mo-Mac,mBrain,NS_19,mBrain,0.25367668593925286,0.1509128975283328,0.5954104165324143,0.08089896436192627,0.02463476932771639,0.8944662663103574,0.08197107682241316,0.030092979727364935,0.8879359434502219,0.019005204684089807,0.0057833811929761956,0.975211414122934,0.019980763867461056,0.007250404749775852,0.9727688313827632
GGCCGATTCACGATGT_NS_19,P3019,train,IV,IV,Advanced,1,IV,2,Myeloid cells,Myeloid cells,mo-Mac,mBrain,NS_19,mBrain,0.2481943471943278,0.1383636585173901,0.613441994288282,0.060306909038850526,0.020856981468345363,0.9188361094928041,0.06076895664359097,0.023571007146489843,0.9156600362099192,0.013855971204297664,0.004792700716589831,0.9813513280791125,0.01434084470531751,0.005591346657551659,0.9800678086371308
GGGAGATTCTTCGGTC_NS_19,P3019,train,IV,IV,Advanced,1,IV,2,Myeloid cells,Myeloid cells,mo-Mac,mBrain,NS_19,mBrain,0.15188853349691356,0.09451626388471948,0.753595202618367,0.014680131142174611,0.004322424260699154,0.9809974445971262,0.017981858342416442,0.00702342868412384,0.9749947129734597,0.0032152372300112875,0.0009450288794027653,0.995839733890586,0.004134803125615078,0.0015989553067599026,0.994266241567625
CATCAGACAGACAGGT_NS_12,P3012,train,IV,IV,Advanced,1,IV,2,Epithelial cells,Epithelial cells,Malignant cells,mBrain,NS_12,mBrain,0.17670081022689757,0.09473042323972386,0.7285687665333785,0.004322795414666561,0.0020441284650894527,0.993633076120244,0.005869038849755076,0.0027247916020044323,0.9914061695482405,0.000932200186161414,0.0004417685794885314,0.9986260312343501,0.0012655605951361181,0.0005930562057790534,0.9981413831990849
CTACATTCACTTGGAT_NS_19,P3019,train,IV,IV,Advanced,1,IV,2,B lymphocytes,B lymphocytes,Plasma cells,mBrain,NS_19,mBrain,0.41634771531578363,0.24332704375295391,0.34032524093126254,0.7595700538006439,0.23296071739369817,0.007469228805657949,0.758421607435302,0.22519407176839937,0.016384320796298747,0.7389782720236417,0.22709413771679193,0.033927590259566404,0.7179270834085203,0.21575373283729402,0.06631918375418579
TCATTACGTTGGTAAA_NS_12,P3012,train,IV,IV,Advanced,1,IV,2,Epithelial cells,Epithelial cells,Malignant cells,mBrain,NS_12,mBrain,0.058489419751045706,0.07237220449745907,0.8691383757514952,8.141029718738999e-07,1.741094281278207e-05,0.9999817749542154,1.4817597818880813e-06,2.8508261716976506e-05,0.9999700099785012,1.7476601452385993e-07,3.7424736835194892e-06,0.9999960827603019,3.116592093585724e-07,6.170741466416067e-06,0.9999935175993242
GGATTACTCGCCCTTA_NS_17,P3017,train,IV,IV,Advanced,1,IV,2,Fibroblasts,Fibroblasts,Pericytes,mBrain,NS_17,mBrain,0.13230472248473235,0.49443814354001986,0.37325713397524785,0.0021272824796044016,0.13308190423170943,0.8647908132886862,0.002350411841292053,0.13156388641752273,0.8660857017411852,0.0005113720922085111,0.031894487476164024,0.9675941404316275,0.0006542565831767933,0.0343737943867083,0.964971949030115
ATCATCTAGGGATCTG_NS_17,P3017,train,IV,IV,Advanced,1,IV,2,Epithelial cells,Epithelial cells,Malignant cells,mBrain,NS_17,mBrain,0.12033502602368815,0.08420959747150607,0.7954553765048058,0.0007803226467959217,0.0010523492823440068,0.9981673280708602,0.0010192943827551423,0.001336458455244307,0.9976442471620005,0.0001676547000944973,0.00022657008841712247,0.9996057752114884,0.0002193306513238825,0.00029420361235036783,0.9994864657363257
CTGCCTACACGGTAAG_NS_19,P3019,train,IV,IV,Advanced,1,IV,2,Epithelial cells,Epithelial cells,Malignant cells,mBrain,NS_19,mBrain,0.10552379662051742,0.07056972152993067,0.823906481849552,0.010859992015565437,0.009571280461966309,0.9795687275224683,0.009779324687201265,0.008961781509771827,0.9812588938030269,0.002366258041003953,0.0020886564675101304,0.9955450854914859,0.002206322091706353,0.0021449822964845497,0.9956486956118091
TTGGCAATCGAATGCT_NS_19,P3019,train,IV,IV,Advanced,1,IV,2,Epithelial cells,Epithelial cells,Malignant cells,mBrain,NS_19,mBrain,0.07538722157014094,0.07710059211843334,0.8475121863114257,0.0007153274159769755,0.003440915702862077,0.995843756881161,0.0006530628085807003,0.00318076403702548,0.9961661731543939,0.00015392629375570672,0.0007411496382736639,0.9991049240679707,0.00014577950454371298,0.0007556413128227238,0.9990985791826336
TCCACACTCAGCCTAA_NS_19,P3019,train,IV,IV,Advanced,1,IV,2,Fibroblasts,Endothelial cells,Tumor ECs,mBrain,NS_19,mBrain,0.12966157811758927,0.22226826431912314,0.6480701575632876,0.0038236040256897663,0.03210975902338745,0.9640666369509228,0.0038955346227760226,0.03290371750011957,0.9632007478771044,0.0008452494915766386,0.00708972194973194,0.9920650285586914,0.0009508082763858533,0.007925604922696599,0.9911235868009175
CACATTTTCGGCGGTT_NS_13,P3013,train,IV,IV,Advanced,1,IV,2,Epithelial cells,Epithelial cells,Malignant cells,mBrain,NS_13,mBrain,0.07596548629187704,0.16217197106784126,0.7618625426402817,1.4121236426488887e-09,5.410685312026896e-07,0.9999994575193452,4.0820604377361284e-09,1.191522478951332e-06,0.9999988043954606,3.0367133626009665e-10,1.1651309291022734e-07,0.9999998831832357,8.172504492579074e-10,2.3125465614239014e-07,0.9999997679280934
CGGGTCAAGTGGCACA_NS_12,P3012,train,IV,IV,Advanced,1,IV,2,Epithelial cells,Epithelial cells,Malignant cells,mBrain,NS_12,mBrain,0.10107540961246396,0.07156856248836044,0.8273560278991756,0.00018380864015703094,0.00030244804491263365,0.9995137433149304,0.00027259914080942456,0.00043825341252969925,0.9992891474466609,3.946360249819006e-05,6.505721296620906e-05,0.9998954791845356,5.807082021207286e-05,9.568392481886816e-05,0.999846245254969
TCCCGATCAGTTAACC_NS_17,P3017,train,IV,IV,Advanced,1,IV,2,Epithelial cells,Epithelial cells,Malignant cells,mBrain,NS_17,mBrain,0.10782263865975807,0.07370203139818694,0.8184753299420551,0.0002616979820558735,0.00039257866607886674,0.9993457233518653,0.0003762520726676648,0.0005500279073882545,0.9990737200199441,5.618567503008812e-05,8.444469575601012e-05,0.999859369629214,8.022869419365512e-05,0.00012049121449457313,0.9997992800913118
TAGAGCTAGTGCTGCC_NS_12,P3012,train,IV,IV,Advanced,1,IV,2,Myeloid cells,Myeloid cells,mo-Mac,mBrain,NS_12,mBrain,0.08008702246199574,0.0568553277006266,0.8630576498373776,0.0010362882827289752,0.0006128753438890947,0.998350836373382,0.0014068592191271863,0.0011176984908906594,0.9974754422899822,0.00022384748979048652,0.00013212968492795,0.9996440228252816,0.00031609271172911116,0.00025454286373328137,0.9994293644245377
CTTAACTTCTAGCACA_NS_12,P3012,train,IV,IV,Advanced,1,IV,2,Epithelial cells,Epithelial cells,Malignant cells,mBrain,NS_12,mBrain,0.12148893158701773,0.08741959644868873,0.7910914719642935,0.00015485934111310725,0.00034232381667740513,0.9995028168422095,0.00022523852095526284,0.000465472651477512,0.9993092888275672,3.323686061198762e-05,7.362426597969432e-05,0.9998931388734084,4.759263033478824e-05,0.00010084767976508307,0.9998515596899
ATGCGATAGTAGCGGT_NS_03,P3003,train,IV,IV,Advanced,1,IV,2,Epithelial cells,Epithelial cells,Malignant cells,mBrain,NS_03,mBrain,0.0462329356093842,0.03214494920690381,0.921622115183712,0.0011720841970908162,0.0011896882190160069,0.9976382275838932,0.001201210118505599,0.0013074544142345067,0.9974913354672599,0.00025166817078589175,0.00025593467034234785,0.9994923971588718,0.0002648806827892038,0.0003129899080292558,0.9994221294091815
CGTGAGCGTTGTACAC_NS_13,P3013,train,IV,IV,Advanced,1,IV,2,Epithelial cells,Epithelial cells,Malignant cells,mBrain,NS_13,mBrain,0.13987925395728612,0.20934437438270082,0.6507763716600131,1.060942778314997e-06,5.898929712036902e-05,0.9999399497601014,1.9501906719191423e-06,8.704210298923854e-05,0.9999110077063389,2.2793636610753344e-07,1.2693010037216957e-05,0.9999870790535967,4.0589177465329266e-07,1.7658661309713393e-05,0.9999819354469157
ACTGAACAGGGTGTTG_NS_19,P3019,train,IV,IV,Advanced,1,IV,2,Myeloid cells,Myeloid cells,mo-Mac,mBrain,NS_19,mBrain,0.21232705572060534,0.13316658872905238,0.6545063555503423,0.03882810275255546,0.012967072157515648,0.9482048250899289,0.042532399974484186,0.017650210056858406,0.9398173899686574,0.008725124176250872,0.002910564082557192,0.988364311741192,0.00998619703024551,0.004090604575043894,0.9859231983947105
GGCTCGACATGTAGTC_NS_03,P3003,train,IV,IV,Advanced,1,IV,2,Epithelial cells,Epithelial cells,Malignant cells,mBrain,NS_03,mBrain,0.048035416460639545,0.03584503831131245,0.916119545228048,0.00027368023356156624,0.000650195190575808,0.9990761245758627,0.00027763286186462507,0.0006701871290866351,0.9990521800090487,5.8672221663547425e-05,0.0001396248855913866,0.9998017028927451,6.062321647875676e-05,0.0001612927878490986,0.9997780839956721
CACATTTTCCTAGTGA_NS_19,P3019,train,IV,IV,Advanced,1,IV,2,Myeloid cells,Myeloid cells,mo-Mac,mBrain,NS_19,mBrain,0.16188062787084861,0.10140437289523235,0.7367149992339191,0.013986166377194383,0.00448375220106685,0.9815300814217388,0.016774871719914944,0.007120783281436828,0.9761043449986483,0.0030625216510251994,0.0009800962628645766,0.9959573820861102,0.003830582994557591,0.0016107133054306948,0.9945587037000118
TCACAAGTCTTCGAGA_NS_03,P3003,train,IV,IV,Advanced,1,IV,2,Epithelial cells,Epithelial cells,Malignant cells,mBrain,NS_03,mBrain,0.03636402982244175,0.030465722062089445,0.9331702481154688,0.00014950065305015942,0.00044454216576981424,0.9994059571811801,0.00015568434887572216,0.0004782033640191708,0.9993661122871051,3.204966627999177e-05,9.545087479533452e-05,0.9998724994589246,3.412633884480095e-05,0.00011558383806862545,0.9998502898230865
CCTAGCTTCCTCCTAG_NS_17,P3017,train,IV,IV,Advanced,1,IV,2,Epithelial cells,Epithelial cells,Malignant cells,mBrain,NS_17,mBrain,0.050949807522096754,0.05944561095806802,0.8896045815198352,1.2875724549074238e-06,1.7681147077248915e-05,0.9999810312804679,2.3494276798681732e-06,3.005448334911839e-05,0.999967596088971,2.764431956225324e-07,3.802017447231644e-06,0.9999959215393571,4.940554665944774e-07,6.501872275359825e-06,0.999993004072258
CGGAGTCGTAGGGACT_NS_17,P3017,train,IV,IV,Advanced,1,IV,2,Epithelial cells,Epithelial cells,Malignant cells,mBrain,NS_17,mBrain,0.0667521176372249,0.061182254333306346,0.8720656280294689,1.016012635631735e-05,5.678405510085536e-05,0.9999330558185429,1.658531122150134e-05,8.76888953121989e-05,0.9998957257934663,2.1805674189203044e-06,1.2209080879991726e-05,0.9999856103517011,3.5000412101372263e-06,1.9131511740575547e-05,0.9999773684470493
ACTTGTTAGGTGATAT_NS_12,P3012,train,IV,IV,Advanced,1,IV,2,Epithelial cells,Epithelial cells,Malignant cells,mBrain,NS_12,mBrain,0.05861562986065781,0.06632367379948237,0.8750606963398598,8.553273923953422e-07,1.287961442819709e-05,0.9999862650581794,1.6320190281528465e-06,2.2238997376905725e-05,0.9999761289835949,1.8364174381189632e-07,2.7703145949288476e-06,0.9999970460436612,3.389297007822244e-07,4.72889416496361e-06,0.9999949321761342
AGAATAGCAATCGAAA_NS_17,P3017,train,IV,IV,Advanced,1,IV,2,Myeloid cells,Myeloid cells,Microglia/Mac,mBrain,NS_17,mBrain,0.31462528132201933,0.16384042980324034,0.5215342888747403,0.04828791685006134,0.017853648680483596,0.9338584344694552,0.05115920350502903,0.019264065988909066,0.9295767305060619,0.01094519425912562,0.004052999891013866,0.9850018058498605,0.01155850817047593,0.0043438652073234585,0.9840976266222007
CCCTCCTGTTAGGGTG_NS_12,P3012,train,IV,IV,Advanced,1,IV,2,Fibroblasts,Fibroblasts,Pericytes,mBrain,NS_12,mBrain,0.2085698421627578,0.44160619564368103,0.34982396219356116,0.023836592070949982,0.16866277902059057,0.8075006289084594,0.028636683081663766,0.18889522275850476,0.7824680941598315,0.006036277669790998,0.04263704456665743,0.9513266777635516,0.008367335528794635,0.05051260454013257,0.9411200599310728
ACGTCAAGTTCCATGA_NS_03,P3003,train,IV,IV,Advanced,1,IV,2,Epithelial cells,Epithelial cells,Malignant cells,mBrain,NS_03,mBrain,0.03094284963024994,0.02552792355858968,0.9435292268111605,0.00020648749782372847,0.00046676125403293135,0.9993267512481434,0.0002130287613408803,0.000513493446851759,0.9992734777918073,4.42730843152206e-05,0.00010024655099347356,0.9998554803646913,4.68874930606772e-05,0.0001246251538050688,0.9998284873531342
CAGATCAGTAATCACC_NS_19,P3019,train,IV,IV,Advanced,1,IV,2,Myeloid cells,Myeloid cells,mo-Mac,mBrain,NS_19,mBrain,0.2893908247663678,0.15093064370443446,0.5596785315291978,0.10041873589063317,0.021710404119870554,0.8778708599894963,0.1053964966617348,0.02702686731382409,0.8675766360244411,0.023926455703997866,0.00517125668306614,0.9709022876129361,0.025823512581244924,0.0065319097753526395,0.9676445776434025
CAGCAGCTCTCTAGGA_NS_06,P3006,train,IV,IV,Advanced,1,IV,2,Oligodendrocytes,,,mBrain,NS_06,mBrain,0.28916641042337177,0.4131330660369451,0.2977005235396832,0.2730688385077939,0.5754719978668345,0.15145916362537168,0.2724884800976617,0.5409394707689036,0.1865720491334348,0.17574810740104604,0.37014271815921845,0.4541091744397355,0.1758588019677785,0.3285321616641938,0.4956090363680277
TCGAGGCAGTGCTGCC_NS_13,P3013,train,IV,IV,Advanced,1,IV,2,B lymphocytes,B lymphocytes,Follicular B cells,mBrain,NS_13,mBrain,0.4614982202813905,0.09775414081080357,0.44074763890780594,0.22539174678844717,0.018249356878481587,0.7563588963330712,0.21246843574060884,0.01968722499785328,0.767844339261538,0.0597430562085133,0.0048425436917659695,0.9354144000997208,0.05529232547324959,0.005233781214407844,0.9394738933123427
GCTCCTAAGCGAAGGG_NS_06,P3006,train,IV,IV,Advanced,1,IV,2,Myeloid cells,Myeloid cells,CD163+CD14+ DCs,mBrain,NS_06,mBrain,0.05482629186233821,0.05190438003543961,0.8932693281022221,0.0001417427885899782,0.00012307173457263442,0.9997351854768374,0.0002398601809182404,0.0003551806810912824,0.9994049591379904,3.076172715863715e-05,2.6553578552688597e-05,0.9999426846942887,5.5426833234824136e-05,8.054047117018793e-05,0.999864032695595
ACTGCTCTCAATCTCT_NS_06,P3006,train,IV,IV,Advanced,1,IV,2,Myeloid cells,Myeloid cells,Undetermined,mBrain,NS_06,mBrain,0.43448009501339097,0.18762713899281372,0.3778927659937953,0.492547168932698,0.07454854486958992,0.43290428619771204,0.46728483433528245,0.072583134915779,0.46013203074893855,0.1907589868702732,0.028920552361570248,0.7803204607681566,0.1745524456189697,0.026850535872876658,0.7985970185081537
GTAACTGTCAATACCG_NS_19,P3019,train,IV,IV,Advanced,1,IV,2,Fibroblasts,Fibroblasts,FB-like cells,mBrain,NS_19,mBrain,0.1882384383273717,0.5526587466677967,0.2591028150048316,0.0612021206282072,0.6742845590650142,0.2645133203067787,0.06244853982789182,0.6615215891499312,0.27602987102217696,0.031168715907305175,0.3423742478703517,0.6264570362223432,0.035832023719400315,0.3435859461050479,0.6205820301755519
GCTCCTACATATACGC_NS_12,P3012,train,IV,IV,Advanced,1,IV,2,Myeloid cells,Myeloid cells,mo-Mac,mBrain,NS_12,mBrain,0.3331353287474621,0.19191362097779163,0.47495105027474627,0.02642543733418634,0.012919824143873809,0.9606547385219398,0.029486347178512375,0.015483972774024468,0.9550296800474631,0.00587123362435147,0.002871810435706622,0.991256955939942,0.006520483054294089,0.0033632306089395295,0.9901162863367664
ATGGGAGCACATCCAA_NS_19,P3019,train,IV,IV,Advanced,1,IV,2,T lymphocytes,T/NK cells,CD8 low T,mBrain,NS_19,mBrain,0.2915950064273584,0.0857069416149347,0.6226980519577069,0.11041589567386438,0.006592154044769352,0.8829919502813663,0.12145932896184113,0.00820256990259993,0.870338101135559,0.026076033336498453,0.0015629152058351755,0.9723610514576664,0.02881800800162523,0.0019779448216228563,0.9692040471767519
ACGATGTAGGCGTACA_NS_12,P3012,train,IV,IV,Advanced,1,IV,2,Epithelial cells,Epithelial cells,Malignant cells,mBrain,NS_12,mBrain,0.05180846103578824,0.06694092201299295,0.8812506169512189,8.890530603502809e-07,1.651074744277133e-05,0.9999826001994969,1.6764736704960396e-06,2.8584908526360114e-05,0.9999697386178032,1.909141256846324e-07,3.550287814808254e-06,0.9999962587980595,3.5384913116692243e-07,6.159996302263425e-06,0.9999934861545666
CGTGTCTTCGGATGTT_NS_12,P3012,train,IV,IV,Advanced,1,IV,2,Myeloid cells,Myeloid cells,Undetermined,mBrain,NS_12,mBrain,0.4135188758543642,0.18266773307882975,0.403813391066806,0.29451371239340846,0.057040366006219576,0.648445921600372,0.2844352216183063,0.05471647377925407,0.6608483046024397,0.08736561166055927,0.01695588508870362,0.8956785032507372,0.08266335166017076,0.0158019088028315,0.9015347395369977
CGCCAAGTCTTCATGT_NS_13,P3013,train,IV,IV,Advanced,1,IV,2,MAST cells,MAST cells,MAST,mBrain,NS_13,mBrain,0.4260916904829204,0.5141975741876484,0.05971073532943117,0.22007623320152928,0.7799206541004747,3.1126979960475395e-06,0.2534470596068481,0.7465290684293888,2.3871963763049224e-05,0.21976041808026484,0.7802250460816105,1.453583812451173e-05,0.2540232987604395,0.745882266380707,9.443485885348876e-05
TAGAGCTAGCTGATAA_NS_16,P3016,train,IIIA,III,Advanced,1,II_III,1,B lymphocytes,B lymphocytes,MALT B cells,mBrain,NS_16,mBrain,0.5417411502040426,0.19489720891507953,0.263361640880878,0.8529354275002041,0.14259670006352532,0.004467872436270628,0.8426949190834763,0.14630612314982666,0.010998957766697083,0.5596511576583381,0.43741324160167955,0.0029356007399823354,0.54180173116658,0.45160254213993717,0.006595726693482955
GTACTCCTCTTTACGT_NS_16,P3016,train,IIIA,III,Advanced,1,II_III,1,T lymphocytes,T/NK cells,CD8+/CD4+ Mixed Th,mBrain,NS_16,mBrain,0.419353441484187,0.12724847755285623,0.4533980809629568,0.5497353694536232,0.03053689441982271,0.4197277361265541,0.5404679127083168,0.031045797291368474,0.4284862900003147,0.49413839816196853,0.12866954155079646,0.3771920602872349,0.4840605925686893,0.13114173829810108,0.38479766913320973
TACCTTATCTACCTGC_NS_13,P3013,train,IV,IV,Advanced,1,IV,2,MAST cells,MAST cells,MAST,mBrain,NS_13,mBrain,0.45303904958361013,0.49334336198847,0.05361758842791985,0.2781877941106399,0.7218098579583319,2.3479310282157858e-06,0.318847454802691,0.6811344209396851,1.8124257623771892e-05,0.27773328612718506,0.7222557475790676,1.0966293747400568e-05,0.3194669269034794,0.6804608865416532,7.218655486746255e-05
TCTTTCCTCCCTAACC_NS_17,P3017,train,IV,IV,Advanced,1,IV,2,Myeloid cells,Myeloid cells,Microglia/Mac,mBrain,NS_17,mBrain,0.08606452645601981,0.07068726949588534,0.8432482040480949,0.00014731352692742028,0.00015074473257525433,0.9997019417404974,0.00024547689182085805,0.00034655126365575766,0.9994079718445233,3.1853459433930605e-05,3.2507424475307306e-05,0.9999356391160907,5.4381144702852456e-05,7.564896190657268e-05,0.9998699698933906
ACACTGAAGAATCTCC_NS_17,P3017,train,IV,IV,Advanced,1,IV,2,Epithelial cells,Epithelial cells,Malignant cells,mBrain,NS_17,mBrain,0.03929607227551139,0.05185532492839566,0.908848602796093,2.1688445667485805e-07,6.264275247030464e-06,0.9999935188402963,4.107631350416746e-07,1.0845004851182815e-05,0.9999887442320138,4.656382585884393e-08,1.3467485128232546e-06,0.9999986066876613,8.589900963941498e-08,2.3592400017754997e-06,0.9999975548609886
CCGGTAGAGGCAAAGA_NS_06,P3006,train,IV,IV,Advanced,1,IV,2,Myeloid cells,Myeloid cells,Undetermined,mBrain,NS_06,mBrain,0.37074439993269137,0.17087629276348373,0.4583793073038249,0.4321246988891153,0.06848874934285692,0.49938655176802765,0.4117395725608114,0.0690361117676122,0.5192243156715765,0.15297523312933037,0.024275949212110293,0.8227488176585593,0.1445242495173466,0.02403701892476956,0.8314387315578838
GACGGCTTCCACGCAG_NS_13,P3013,train,IV,IV,Advanced,1,IV,2,T lymphocytes,,,mBrain,NS_13,mBrain,0.48619912435533047,0.18661423468967311,0.32718664095499633,0.7040360938001586,0.11407131895109184,0.18189258724874963,0.6486566792221965,0.1064003521269509,0.2449429686508527,0.422127705184963,0.06868719727487384,0.5091850975401633,0.3467190965974312,0.056607491417269146,0.5966734119852997
TTAACTCCAGCTGTGC_NS_19,P3019,train,IV,IV,Advanced,1,IV,2,Myeloid cells,Myeloid cells,mo-Mac,mBrain,NS_19,mBrain,0.16341195657155586,0.10699259681995191,0.7295954466084923,0.021867866311616184,0.007740681070743864,0.97039145261764,0.02487151421332471,0.01137812848736073,0.9637503572993146,0.004827714236336634,0.0017062427566661039,0.9934660430069973,0.005788078805117766,0.0026254854908792447,0.9915864357040031
TTATGCTCACGGATAG_NS_12,P3012,train,IV,IV,Advanced,1,IV,2,Epithelial cells,Epithelial cells,Malignant cells,mBrain,NS_12,mBrain,0.04616031299782029,0.06174490227473917,0.8920947847274405,2.1562054022998103e-07,6.383530930052655e-06,0.9999934008485297,4.284062696878182e-07,1.138269332264597e-05,0.9999881889004076,4.629838886200747e-08,1.372686121291191e-06,0.9999985810154899,8.927812936216425e-08,2.438439970078693e-06,0.9999974722819006
GCAAACTGTCAGAATA_NS_19,P3019,train,IV,IV,Advanced,1,IV,2,Myeloid cells,Myeloid cells,mo-Mac,mBrain,NS_19,mBrain,0.18785854579840747,0.1426512391283352,0.6694902150732573,0.013515501602928855,0.008171191860840046,0.9783133065362312,0.015092900506767745,0.012070261917323957,0.9728368375759083,0.002969428226497149,0.00179098847222029,0.9952395833012826,0.0034809523981296528,0.0027303004371244835,0.9937887471647459
GGAACTTCAAGTACCT_NS_17,P3017,train,IV,IV,Advanced,1,IV,2,T lymphocytes,T/NK cells,Exhausted CD8+ T,mBrain,NS_17,mBrain,0.21531980967763753,0.10265758233017004,0.6820226079921924,0.018799752280809313,0.004926188804453184,0.9762740589147375,0.023699314740311197,0.006135851661562548,0.9701648335981263,0.004110675046563888,0.0010801746254832825,0.9948091503279528,0.0051743324124658065,0.0013683473443685697,0.9934573202431657
TGCACCTTCAGAAATG_NS_13,P3013,train,IV,IV,Advanced,1,IV,2,T lymphocytes,T/NK cells,Undetermined,mBrain,NS_13,mBrain,0.4139570994059203,0.12068207233638957,0.46536082825769004,0.3408789924059547,0.023287698043888718,0.6358333095501566,0.3285780631139945,0.024461096618718568,0.6469608402672868,0.10231586581680448,0.007021229546689443,0.8906629046365061,0.0975388073262473,0.007231977474241725,0.8952292151995109
CCTACCAAGCCGGTAA_NS_03,P3003,train,IV,IV,Advanced,1,IV,2,Epithelial cells,Epithelial cells,Malignant cells,mBrain,NS_03,mBrain,0.05555746770100207,0.039711634649008835,0.904730897649989,0.0009475427891603005,0.0012543282850230692,0.9977981289258167,0.0009697806518897197,0.0013500339956338137,0.9976801853524765,0.00020341003021531986,0.00026975750642235465,0.9995268324633624,0.00021374200674056232,0.0003220238376342275,0.9994642341556252
CGAGCCACACCAGCAC_NS_03,P3003,train,IV,IV,Advanced,1,IV,2,Epithelial cells,Epithelial cells,Malignant cells,mBrain,NS_03,mBrain,0.02807032605489979,0.027351218248751787,0.9445784556963485,5.135514293940137e-05,0.0002540655276096338,0.999694579329451,5.467867870129862e-05,0.0002836146452746752,0.999661706676024,1.101063483388574e-05,5.453616293867345e-05,0.9999344532022275,1.2045815894882294e-05,6.906466853885882e-05,0.9999188895155663
CATGCCTCAATGGTCT_NS_13,P3013,train,IV,IV,Advanced,1,IV,2,B lymphocytes,B lymphocytes,Follicular B cells,mBrain,NS_13,mBrain,0.47398303163397815,0.09594369788860219,0.43007327047741967,0.2679859159357543,0.016989190364643882,0.7150248936996019,0.25767023319086263,0.018559161776872782,0.7237706050322645,0.07400150212689748,0.004697948257958563,0.921300549615144,0.06967804289210199,0.005117011857598333,0.9252049452502997
GGGATGACAAAGCAAT_NS_03,P3003,train,IV,IV,Advanced,1,IV,2,Epithelial cells,Epithelial cells,Malignant cells,mBrain,NS_03,mBrain,0.11650376491759673,0.057429446701110075,0.8260667883812932,0.02094638114035211,0.00578211687260694,0.973271501987041,0.02177645382460572,0.006365924434556503,0.9718576217408378,0.004586619098124512,0.0012688157837831135,0.9941445651180925,0.004875065820494295,0.0014981494649004585,0.9936267847146053
ATAAGAGCATGTAAGA_NS_13,P3013,train,IV,IV,Advanced,1,IV,2,B lymphocytes,B lymphocytes,Plasma cells,mBrain,NS_13,mBrain,0.43303136838904405,0.23248499512779933,0.3344836364831566,0.7224744350498724,0.24754768271899052,0.02997788223113704,0.7110144427082743,0.2331820607710847,0.055803496520641024,0.6505773655792324,0.22339598916626005,0.12602664525450746,0.5977241692029184,0.19735575830386354,0.20492007249321814
CTGATAGTCGAACGGA_NS_19,P3019,train,IV,IV,Advanced,1,IV,2,Myeloid cells,Myeloid cells,CD1c+ DCs,mBrain,NS_19,mBrain,0.15684941415619255,0.05322811702222508,0.7899224688215823,0.004499877035609527,0.0005184800413462398,0.9949816429230443,0.006281895909600641,0.0010871386372967768,0.9926309654531026,0.0009742611439129144,0.00011199732278337561,0.9989137415333037,0.0013865942725372218,0.00024218700761546326,0.9983712187198474
GACGCGTCAGATAATG_NS_03,P3003,train,IV,IV,Advanced,1,IV,2,Epithelial cells,Epithelial cells,Malignant cells,mBrain,NS_03,mBrain,0.040132263546146366,0.0318808689007265,0.9279868675531272,0.0002496373665409304,0.0006101883208269127,0.9991401743126322,0.00025358831545342777,0.0006408636053512688,0.9991055480791953,5.3521785296046166e-05,0.00013103792306444893,0.9998154402916395,5.565029134721546e-05,0.00015501688660789068,0.9997893328220449
TACTTACGTCTAAAGA_NS_17,P3017,train,IV,IV,Advanced,1,IV,2,Epithelial cells,Epithelial cells,Malignant cells,mBrain,NS_17,mBrain,0.10654051783032549,0.07097269875121473,0.8224867834184597,0.0007282595491203367,0.0008355818814000246,0.9984361585694796,0.0009549431530598597,0.0010932249081403711,0.9979518319387998,0.00015641615592806637,0.00017978939450503638,0.999663794449567,0.00020623390822036169,0.00024383024882102506,0.9995499358429586
ACGGAGAGTTACAGAA_NS_03,P3003,train,IV,IV,Advanced,1,IV,2,Epithelial cells,Epithelial cells,Malignant cells,mBrain,NS_03,mBrain,0.04651929029070777,0.03414652345953795,0.9193341862497543,0.0010035198916515955,0.0012244279512037626,0.9977720521571447,0.0010295883277622567,0.0013355690346195425,0.9976348426376183,0.00021545800632409825,0.0002633538238525017,0.9995211881698234,0.0002275038569708856,0.00032015095124783035,0.9994523451917813
GGCGTGTCACACCGAC_NS_19,P3019,train,IV,IV,Advanced,1,IV,2,Myeloid cells,Myeloid cells,mo-Mac,mBrain,NS_19,mBrain,0.1421628881134807,0.09975138512914357,0.7580857267573757,0.013876180261118113,0.005886169482911655,0.9802376502559702,0.015891938156988254,0.009163403311614084,0.9749446585313977,0.0030426305454247424,0.001287690960641345,0.995669678493934,0.00370129750618589,0.0021117808839536964,0.9941869216098604
TCGCGAGGTGTCTGAT_NS_17,P3017,train,IV,IV,Advanced,1,IV,2,T lymphocytes,,,mBrain,NS_17,mBrain,0.25017204822135075,0.08364505641222014,0.666182895366429,0.02213096200997675,0.002576081882787512,0.9752929561072358,0.026728198227131558,0.0033887719290618843,0.9698830298438066,0.004838284094314596,0.000565522631988125,0.9945961932736973,0.005783098265360824,0.0007430508195820279,0.9934738509150572
CCATGTCCAGTCAGAG_NS_03,P3003,train,IV,IV,Advanced,1,IV,2,Myeloid cells,Myeloid cells,Monocytes,mBrain,NS_03,mBrain,0.0962995624040531,0.05708115523907589,0.846619282356871,0.00335304652480698,0.0008965482158600226,0.995750405259333,0.004734628972569822,0.0017282331287930073,0.9935371378986372,0.0007257511931180375,0.00019372353798181036,0.9990805252689001,0.0010693474818400661,0.00039103178904429157,0.9985396207291157
ATTGGTGAGCGGCTTC_NS_17,P3017,train,IV,IV,Advanced,1,IV,2,Epithelial cells,Epithelial cells,Malignant cells,mBrain,NS_17,mBrain,0.11385237706366125,0.07668104897877402,0.8094665739575647,0.0005707898560462132,0.0007422847433568194,0.998686925400597,0.0007775407671720406,0.0009676539973942318,0.9982548052354338,0.0001225806231870618,0.00015971870368777894,0.9997177006731252,0.00016636683392877913,0.00021417100956737907,0.9996194621565039
CTGCTGTAGTCGCCGT_NS_03,P3003,train,IV,IV,Advanced,1,IV,2,Epithelial cells,Epithelial cells,Malignant cells,mBrain,NS_03,mBrain,0.04995426764143425,0.03885220497834604,0.9111935273802197,0.00039356415188735073,0.0007443296283344217,0.9988621062197783,0.00042629065559809286,0.0008334969691253138,0.9987402123752765,8.443197402831901e-05,0.00015995005450514425,0.9997556179714665,9.352565615964873e-05,0.00019765344586298173,0.9997088208979774
ACGCCAGTCGCTTGTC_NS_16,P3016,train,IIIA,III,Advanced,1,II_III,1,Myeloid cells,Myeloid cells,mo-Mac,mBrain,NS_16,mBrain,0.11045239372227562,0.09340399388100519,0.7961436123967193,0.006438804890607836,0.003965162686550918,0.9895960324228412,0.00756670367279513,0.00687216499849216,0.9855611313287127,0.006403259320130908,0.018335101891440702,0.9752616387884284,0.007991916458114033,0.033315772372135205,0.9586923111697508
CCATTCGGTGTTGAGG_NS_13,P3013,train,IV,IV,Advanced,1,IV,2,MAST cells,MAST cells,MAST,mBrain,NS_13,mBrain,0.4584723558572517,0.47217774843782534,0.06934989570492292,0.36165803968141985,0.6383388668524467,3.0934661335485216e-06,0.40058002345667665,0.5993983970422931,2.1579501030262317e-05,0.3612181802203604,0.6387673707970095,1.4448982630122245e-05,0.40006184482947516,0.5998526680294565,8.548714106836661e-05
GGGATGACACATCTTT_NS_19,P3019,train,IV,IV,Advanced,1,IV,2,Myeloid cells,Myeloid cells,mo-Mac,mBrain,NS_19,mBrain,0.04815083169137606,0.04609691997739323,0.9057522483312308,0.0002474880398210714,0.0001958628687909747,0.999556649091388,0.0003890236319535523,0.0005218181022952945,0.9990891582657512,5.3673376479955635e-05,4.225188215782969e-05,0.9999040747413622,9.095056645937373e-05,0.00012000795932831796,0.9997890414742123
TGACAACAGTGGGTTG_NS_03,P3003,train,IV,IV,Advanced,1,IV,2,Epithelial cells,Epithelial cells,Malignant cells,mBrain,NS_03,mBrain,0.056377735889718734,0.040319649136374126,0.9033026149739072,0.000920695870560023,0.0012471339643880237,0.997832170165052,0.0009531069663866042,0.001342702507225409,0.997704190526388,0.00019765114421758223,0.00026819369762271894,0.9995341551581597,0.0002097480904520281,0.0003197377142997446,0.9994705141952481
CGTTCTGCAGTGACAG_NS_03,P3003,train,IV,IV,Advanced,1,IV,2,Epithelial cells,Epithelial cells,Malignant cells,mBrain,NS_03,mBrain,0.05446114823177139,0.0404194334367025,0.9051194183315261,0.00022323682721015934,0.0004367846886583707,0.9993399784841315,0.00025981081549663774,0.0005155239044927805,0.9992246652800106,4.787931412270141e-05,9.385820428357163e-05,0.9998582624815937,5.624383047041211e-05,0.0001201835534240139,0.9998235726161055
CAGCTAAAGTACACCT_NS_03,P3003,train,IV,IV,Advanced,1,IV,2,Epithelial cells,Epithelial cells,Malignant cells,mBrain,NS_03,mBrain,0.06825221344151298,0.04414727976317868,0.8876005067953083,0.0006406063077469391,0.0010146598231782185,0.9983447338690749,0.0006522942924977184,0.0010346542775787173,0.9983130514299235,0.0001374104343477882,0.00021804291070406348,0.9996445466549482,0.0001417098080370113,0.0002458592374815004,0.9996124309544815
CGACCTTTCTGCTGTC_NS_03,P3003,train,IV,IV,Advanced,1,IV,2,Myeloid cells,Myeloid cells,mo-Mac,mBrain,NS_03,mBrain,0.2838682926773836,0.14458789019288443,0.571543817129732,0.07993198648719485,0.017000292325274773,0.9030677211875303,0.08595758432211804,0.02136670305965636,0.8926757126182255,0.018631969822946893,0.0039626515507788064,0.9774053786262743,0.02047009777285427,0.005035697811805452,0.9744942044153403
TCACGAAAGGACAGAA_NS_12,P3012,train,IV,IV,Advanced,1,IV,2,Epithelial cells,Epithelial cells,Malignant cells,mBrain,NS_12,mBrain,0.04865451723585346,0.05819703285831813,0.8931484499058284,6.179997759721588e-07,1.037993614333898e-05,0.9999890020640807,1.1901064855711172e-06,1.8401923323517967e-05,0.9999804079701909,1.3269886069551218e-07,2.23234910575357e-06,0.9999976349520335,2.4882903664778013e-07,3.950424972339115e-06,0.999995800745991
CTCCTAGGTATCACCA_NS_12,P3012,train,IV,IV,Advanced,1,IV,2,Epithelial cells,Epithelial cells,Malignant cells,mBrain,NS_12,mBrain,0.08285087933343546,0.06265136396031142,0.8544977567062532,6.84990063530837e-05,0.00020157114047865605,0.9997299298531682,9.564602943361383e-05,0.00026857288007960806,0.9996357810904868,1.4694714145020985e-05,4.332253977135153e-05,0.9999419827460836,2.0324011441881917e-05,5.982295418181475e-05,0.9999198530343764
CTTGGCTTCTAGCACA_NS_17,P3017,train,IV,IV,Advanced,1,IV,2,Myeloid cells,Myeloid cells,CD163+CD14+ DCs,mBrain,NS_17,mBrain,0.08855233660012456,0.0480480422197824,0.8633996211800932,0.00020982497874043972,0.00015296700112103114,0.9996372080201386,0.00030001693368946923,0.00028617153069519953,0.9994138115356154,4.521591592740932e-05,3.2905640854886835e-05,0.9999218784432177,6.54459331571349e-05,6.470719220439413e-05,0.9998698468746385
AGTGGGATCAGCATGT_NS_13,P3013,train,IV,IV,Advanced,1,IV,2,MAST cells,MAST cells,MAST,mBrain,NS_13,mBrain,0.44030882156371176,0.5104530526013497,0.0492381258349386,0.2094805325508148,0.7905145781072402,4.889341945024909e-06,0.2507161098542693,0.7492477884889204,3.61016568103924e-05,0.20910300792010839,0.790874164092515,2.2827987376610327e-05,0.2520838843762975,0.7477697755190892,0.00014634010461324744
CCTACACGTAAACACA_NS_06,P3006,train,IV,IV,Advanced,1,IV,2,Oligodendrocytes,,,mBrain,NS_06,mBrain,0.30832322298332904,0.32940796418044677,0.36226881283622425,0.3964031471720524,0.37574461728082703,0.22785223554712053,0.3880962604278294,0.35554994927294753,0.256353790299223,0.21618281627683494,0.2048857746082127,0.5789314091149523,0.21561484472961875,0.1878756649800592,0.5965094902903221
CTCGTCACAGTGACAG_NS_19,P3019,train,IV,IV,Advanced,1,IV,2,Epithelial cells,Epithelial cells,Malignant cells,mBrain,NS_19,mBrain,0.16921322248478723,0.10058372412712643,0.7302030533880863,0.08500835261253219,0.052029618839990285,0.8629620285474775,0.06605218175391757,0.04100747475120035,0.892940343494882,0.02041126894759746,0.012518588872571956,0.9670701421798306,0.016068109863248806,0.01052414135338533,0.9734077487833659
