Cell,Patient,split,Stage,Stage_broad,Stage_group,z_obs,Stage_cat,y_cat,Cell_type,Cell_type.refined,Cell_subtype,Tissue,Sample,Sample_Origin,naive_prob_I,naive_prob_II_III,naive_prob_IV,cat_em_prob_I,cat_em_prob_II_III,cat_em_prob_IV,cat_mcem_prob_I,cat_mcem_prob_II_III,cat_mcem_prob_IV,cat_em_soft_label_I,cat_em_soft_label_II_III,cat_em_soft_label_IV,cat_mcem_soft_label_I,cat_mcem_soft_label_II_III,cat_mcem_soft_label_IV
CTAATGGGTGAAATCA_NS_03,P3003,train,IV,IV,Advanced,1,IV,2,Epithelial cells,Epithelial cells,Malignant cells,mBrain,NS_03,mBrain,0.010078804158473674,0.024329584130522414,0.9655916117110039,4.836797725839244e-10,5.184533300326917e-09,0.999999994331787,1.956621888162066e-08,2.490204251851724e-07,0.999999731413356,1.0517149044069937e-10,1.142447273769993e-09,0.9999999987523812,6.0629165391905635e-09,6.959306716840754e-08,0.9999999243440163
CTAATGGGTATAAACG_NS_13,P3013,train,IV,IV,Advanced,1,IV,2,MAST cells,MAST cells,MAST,mBrain,NS_13,mBrain,0.45855941529091476,0.3495355728408761,0.19190501186820916,0.5039192502907899,0.27634107017189663,0.2197396795373135,0.5445826692596658,0.28532360990447136,0.17009372083586294,0.279549507536411,0.15345511033492593,0.5669953821286632,0.32343742123764707,0.1724512930601055,0.5041112857022474
CGTCACTGTCTTGTCC_NS_03,P3003,train,IV,IV,Advanced,1,IV,2,Epithelial cells,Epithelial cells,Malignant cells,mBrain,NS_03,mBrain,0.01956334363622869,0.022997065957471204,0.9574395904063001,8.566025611671147e-09,2.542513957881034e-08,0.9999999660088348,2.5435988724613673e-07,8.4267945566253e-07,0.9999989029606571,1.856245262839256e-09,5.574157603228562e-09,0.9999999925695972,6.918747505394963e-08,2.2972363826962873e-07,0.9999997010888867
CTCGAGGAGCCACGCT_NS_17,P3017,train,IV,IV,Advanced,1,IV,2,Myeloid cells,Myeloid cells,Microglia/Mac,mBrain,NS_17,mBrain,0.023377685344261094,0.0031809231595681738,0.9734413914961708,0.000596476251745685,4.518328970358632e-06,0.9993990054192841,0.0014620783643151472,2.4699636794851047e-05,0.99851322199889,0.00012760020459693828,9.76461699650862e-07,0.9998714233337034,0.00027749530344454195,6.084935905790213e-06,0.9997164197606496
TACGGATTCTTGCAAG_NS_12,P3012,train,IV,IV,Advanced,1,IV,2,Epithelial cells,Epithelial cells,Malignant cells,mBrain,NS_12,mBrain,0.1835482031582333,0.09438931041154963,0.7220624864302171,0.00807280508376791,0.008131553318712561,0.9837956415975195,0.01995639476175976,0.012053685055963307,0.967989920182277,0.0017534957661101394,0.0017665004521756483,0.9964800037817143,0.004384733552499602,0.002577532208317968,0.9930377342391824
TGACAACGTTCACCTC_NS_03,P3003,train,IV,IV,Advanced,1,IV,2,Epithelial cells,Epithelial cells,,mBrain,NS_03,mBrain,0.04260110621066,0.054535130457701475,0.9028637633316385,4.0458419069634554e-08,7.083712057117016e-08,0.9999998887044603,1.3057903236072724e-06,2.440403642961007e-06,0.9999962538060334,8.814041190165887e-09,1.558214609591021e-08,0.9999999756038127,3.759978081221945e-07,6.838639902135323e-07,0.9999989401382017
CATCAAGTCCTTGACC_NS_12,P3012,train,IV,IV,Advanced,1,IV,2,Epithelial cells,Epithelial cells,Malignant cells,mBrain,NS_12,mBrain,0.06832057029107606,0.05624110603978716,0.8754383236691368,2.4172332705268868e-05,0.00026087105561104743,0.9997149566116836,0.00018440326183609743,0.0008879315889426555,0.9989276651492213,5.195846164727818e-06,5.605867802310448e-05,0.9999387454758122,4.2876342586379296e-05,0.0001852203900488575,0.9997719032673649
AGGCCGTGTTGGTTTG_NS_16,P3016,train,IIIA,III,Advanced,1,II_III,1,Oligodendrocytes,,,mBrain,NS_16,mBrain,0.032332041924833084,0.7101898849195022,0.2574780731556647,0.03467847372904579,0.9344119496204613,0.030909576650493056,0.03364865351940647,0.8931734006012727,0.07317794587932087,0.007839187403836533,0.9851544654405106,0.0070063471556529545,0.009879214720011763,0.9726536340257074,0.017467151254280833
AAAGTAGAGAATTCCC_NS_17,P3017,train,IV,IV,Advanced,1,IV,2,Myeloid cells,Myeloid cells,Microglia/Mac,mBrain,NS_17,mBrain,0.04562898652570326,0.005823632637390063,0.9485473808369067,0.0008734602374831152,5.181039657870306e-06,0.999121358722859,0.002486948455938434,3.4436778937981445e-05,0.9974786147651237,0.00018748547854125947,1.1233175808300643e-06,0.999811391203878,0.00048317506435369606,8.823139325510838e-06,0.9995080017963208
ATCATGGGTTGTGGAG_NS_03,P3003,train,IV,IV,Advanced,1,IV,2,Epithelial cells,Epithelial cells,Malignant cells,mBrain,NS_03,mBrain,0.059236626425980383,0.05407700334045411,0.8866863702335654,7.769418099148359e-06,8.773778601112629e-06,0.9999834568032998,5.442552090990142e-05,5.806300822283942e-05,0.9998875114708673,1.6756994016693267e-06,1.9130698391535975e-06,0.9999964112307592,1.4212273952437059e-05,1.430022659866491e-05,0.9999714874994489
GCATGATGTGAGGGTT_NS_13,P3013,train,IV,IV,Advanced,1,IV,2,T lymphocytes,T/NK cells,Undetermined,mBrain,NS_13,mBrain,0.19066812590961463,0.2209877925891029,0.5883440815012826,0.18241844504460808,0.1284644390014277,0.6891171159539643,0.15708556107018057,0.1276432355284996,0.7152712034013198,0.051671098191101494,0.0364456996490363,0.9118832021598623,0.04241863858180917,0.036684843050961514,0.9208965183672293
CGTTAGATCGCCATAA_NS_16,P3016,train,IIIA,III,Advanced,1,II_III,1,NK cells,T/NK cells,NK,mBrain,NS_16,mBrain,0.3143210635181006,0.3061921137382038,0.3794868227436956,0.27019986918002886,0.2961473252851338,0.4336528055348373,0.28791704068776963,0.2870187177316419,0.42506424158058853,0.12952496125371707,0.6627266114734626,0.2077484272728204,0.14059518536644963,0.6518446360558618,0.20756017857768852
GTAACTGGTTCTCATT_NS_16,P3016,train,IIIA,III,Advanced,1,II_III,1,B lymphocytes,B lymphocytes,MALT B cells,mBrain,NS_16,mBrain,0.32466297890577595,0.47696110534883307,0.198375915745391,0.25562610271130964,0.5489264447232829,0.19544745256540746,0.2819601417499136,0.5029967591829725,0.21504309906711397,0.08474897059499263,0.8504369439192395,0.06481408548576789,0.09793797767026968,0.8287914614290908,0.07327056090063958
CCCAATCCAGGTCCAC_NS_12,P3012,train,IV,IV,Advanced,1,IV,2,Epithelial cells,Epithelial cells,Malignant cells,mBrain,NS_12,mBrain,0.22728966922473923,0.07366992124049465,0.6990404095347662,0.06238306808692038,0.013436432911034909,0.9241804990020447,0.08593757257739605,0.00826487020079995,0.905797557221804,0.014205651805479896,0.0030745052114703715,0.9827198429830497,0.019082407574139818,0.001756619996379127,0.9791609724294811
GACTACACACCGCTAG_NS_03,P3003,train,IV,IV,Advanced,1,IV,2,Epithelial cells,Epithelial cells,Malignant cells,mBrain,NS_03,mBrain,0.0039398702627632875,0.013676394286022452,0.9823837354512143,6.903095109175217e-12,2.944005561911039e-10,0.9999999996986964,4.893437844289485e-10,1.9987663255898737e-08,0.999999979522993,1.5000485755288978e-12,6.50105840531997e-11,0.9999999999334894,1.4828118945926472e-10,5.469124268158888e-09,0.9999999943825946
GTCGGGTCAAAGGAAG_NS_19,P3019,train,IV,IV,Advanced,1,IV,2,Myeloid cells,Myeloid cells,mo-Mac,mBrain,NS_19,mBrain,0.06240560173167988,0.03143638832646301,0.9061580099418571,0.0018327889345486482,4.8542597196444156e-05,0.9981186684682549,0.002506592152937084,0.00012470264350116682,0.9973687052035618,0.00039330465666506426,1.0640132800664288e-05,0.9995960552105343,0.0005456966752968065,3.085340758679151e-05,0.9994234499171164
GGCCGATTCACGATGT_NS_19,P3019,train,IV,IV,Advanced,1,IV,2,Myeloid cells,Myeloid cells,mo-Mac,mBrain,NS_19,mBrain,0.024446268610960133,0.01916543236178143,0.9563882990272584,0.00010819058487697523,1.9439743002826817e-05,0.9998723696721202,0.00015896256065202398,3.626499490742626e-05,0.9998047724444405,2.312567493160144e-05,4.231451726400963e-06,0.9999726428733421,3.396618891089089e-05,8.127528372253004e-06,0.9999579062827169
GGGAGATTCTTCGGTC_NS_19,P3019,train,IV,IV,Advanced,1,IV,2,Myeloid cells,Myeloid cells,mo-Mac,mBrain,NS_19,mBrain,0.3385069336980779,0.3488129296063439,0.3126801366955782,0.3436833972529784,0.280125941444494,0.3761906613025276,0.3141798667623255,0.28296672130322575,0.40285341193444874,0.1445529539497247,0.11826503212592424,0.7371820139243511,0.12541981043832148,0.1120042556023316,0.7625759339593469
CATCAGACAGACAGGT_NS_12,P3012,train,IV,IV,Advanced,1,IV,2,Epithelial cells,Epithelial cells,Malignant cells,mBrain,NS_12,mBrain,0.2520833150261818,0.09161915546827487,0.6562975295055434,0.059917520913481334,0.010711546229666859,0.9293709328568518,0.09666321854743183,0.007988207618508601,0.8953485738340596,0.01359069775559489,0.0024532933483443304,0.9839560088960608,0.02255170823197863,0.0018694264939561954,0.9755788652740652
CTACATTCACTTGGAT_NS_19,P3019,train,IV,IV,Advanced,1,IV,2,B lymphocytes,B lymphocytes,Plasma cells,mBrain,NS_19,mBrain,0.2931867946728112,0.23133807210880683,0.4754751332183819,0.08212427508850768,0.054086366556788494,0.8637893583547038,0.11556223528862436,0.07849357155993501,0.8059441931514406,0.019692445511413807,0.012988667055910577,0.9673188874326756,0.02860077347641984,0.02085924219060284,0.9505399843329773
TCATTACGTTGGTAAA_NS_12,P3012,train,IV,IV,Advanced,1,IV,2,Epithelial cells,Epithelial cells,Malignant cells,mBrain,NS_12,mBrain,0.05089166222684059,0.04719197883211649,0.9019163589410429,4.38928876529874e-05,0.0009063336612090307,0.999049773451138,0.0002294967965501517,0.0015383356240130119,0.9982321675794369,9.407031766764205e-06,0.00019414607980082748,0.9997964468884324,4.809064626066408e-05,0.0003023195254513691,0.999649589828288
GGATTACTCGCCCTTA_NS_17,P3017,train,IV,IV,Advanced,1,IV,2,Fibroblasts,Fibroblasts,Pericytes,mBrain,NS_17,mBrain,0.003963000062604411,0.019805479041177968,0.9762315208962177,6.217369553102166e-08,2.565855830220185e-06,0.9999973719704743,7.708142690229637e-08,8.70056908629148e-06,0.9999912223494868,1.3023434750635446e-08,5.475363656778675e-07,0.9999994394401996,1.3453450692657408e-08,1.6033544531237988e-06,0.9999983831920962
ATCATCTAGGGATCTG_NS_17,P3017,train,IV,IV,Advanced,1,IV,2,Epithelial cells,Epithelial cells,Malignant cells,mBrain,NS_17,mBrain,0.0014327946720077175,2.3976739492717046e-05,0.9985432285884996,1.4899801788217868e-07,1.2899882616144069e-10,0.9999998508729833,2.5928081044969557e-06,5.64747276690155e-09,0.9999974015444227,3.188104157663043e-08,2.7447869792393936e-11,0.9999999680915106,3.8916904592943857e-07,1.4639378164964457e-09,0.9999996093670163
CTGCCTACACGGTAAG_NS_19,P3019,train,IV,IV,Advanced,1,IV,2,Epithelial cells,Epithelial cells,Malignant cells,mBrain,NS_19,mBrain,0.0028103300626612093,0.0025441112240206397,0.9946455587133182,1.1110027920336868e-08,3.664334760213057e-08,0.9999999522466245,1.026835720940516e-07,3.147793129135716e-07,0.9999995825371151,2.3735725033951947e-09,7.910257920873523e-09,0.9999999897161697,2.09667225194638e-08,7.212856973363535e-08,0.9999999069047077
TTGGCAATCGAATGCT_NS_19,P3019,train,IV,IV,Advanced,1,IV,2,Epithelial cells,Epithelial cells,Malignant cells,mBrain,NS_19,mBrain,0.005272596669901761,0.004856613177650802,0.9898707901524475,3.5043404422691506e-09,2.0148504892289022e-08,0.9999999763471547,6.627105482541378e-08,4.4055630028425213e-07,0.9999994931726449,7.507651413570854e-10,4.36935976224367e-09,0.9999999948798751,1.4542076911548135e-08,1.1025403240255607e-07,0.9999998752038907
TCCACACTCAGCCTAA_NS_19,P3019,train,IV,IV,Advanced,1,IV,2,Fibroblasts,Endothelial cells,Tumor ECs,mBrain,NS_19,mBrain,0.12338642247851389,0.07471041826021088,0.8019031592612752,5.180043598970455e-05,1.725599403866596e-05,0.9999309435699716,0.00022448711055290247,0.00014833586730550788,0.9996271770221415,1.1083415241528496e-05,3.742022936534531e-06,0.999985174561822,4.827288969742516e-05,3.324626633659489e-05,0.9999184808439661
CACATTTTCGGCGGTT_NS_13,P3013,train,IV,IV,Advanced,1,IV,2,Epithelial cells,Epithelial cells,Malignant cells,mBrain,NS_13,mBrain,0.010748102263301891,0.03292195971160453,0.9563299380250936,8.20084060269991e-07,2.3310951583858713e-05,0.999975868964356,9.700368384270703e-06,0.0002831938181817761,0.999707105813434,1.7615084814319823e-07,5.020006447723357e-06,0.9999948038427041,1.940834899305295e-06,7.45306325049725e-05,0.9999235285325958
CGGGTCAAGTGGCACA_NS_12,P3012,train,IV,IV,Advanced,1,IV,2,Epithelial cells,Epithelial cells,Malignant cells,mBrain,NS_12,mBrain,0.08306163848629644,0.05332614157432115,0.8636122199393824,0.0005593322202018723,0.001572339028462957,0.9978683287513351,0.0019352453578149876,0.0024356581541119717,0.9956290964880731,0.00012014773237200867,0.0003377182076628952,0.9995421340599651,0.0004175847408698401,0.0004968360380238154,0.9990855792211064
TCCCGATCAGTTAACC_NS_17,P3017,train,IV,IV,Advanced,1,IV,2,Epithelial cells,Epithelial cells,Malignant cells,mBrain,NS_17,mBrain,0.0015347210716869567,5.8257892454688426e-05,0.9984070210358584,8.141530350050043e-08,3.7339496466407847e-10,0.9999999182113015,1.2996476245970333e-06,1.4374644130629603e-08,0.9999986859777312,1.7448449969840885e-08,7.950364008622304e-11,0.9999999824720465,2.1340653922489158e-07,3.624535674746443e-09,0.9999997829689251
TAGAGCTAGTGCTGCC_NS_12,P3012,train,IV,IV,Advanced,1,IV,2,Myeloid cells,Myeloid cells,mo-Mac,mBrain,NS_12,mBrain,0.04137694016866335,0.019607578386263726,0.939015481445073,0.000410818357456805,2.9864440968844113e-05,0.9995593172015743,0.0008209204499697,8.784376987689981e-05,0.9990912357801535,8.80192240983909e-05,6.497733334266651e-06,0.9999054830425673,0.00017709823085692726,2.0535945508547547e-05,0.9998023658236346
CTTAACTTCTAGCACA_NS_12,P3012,train,IV,IV,Advanced,1,IV,2,Epithelial cells,Epithelial cells,Malignant cells,mBrain,NS_12,mBrain,0.3288181466821922,0.1964391043974293,0.4747427489203786,0.08527627312276329,0.1652277303693029,0.7494959965079337,0.1547711557894014,0.10104747316243382,0.7441813710481647,0.02279502672219437,0.04419082566093013,0.9330141476168755,0.04215670619871754,0.025046161626031026,0.9327971321752514
ATGCGATAGTAGCGGT_NS_03,P3003,train,IV,IV,Advanced,1,IV,2,Epithelial cells,Epithelial cells,Malignant cells,mBrain,NS_03,mBrain,0.024079200512217264,0.043777791509492674,0.9321430079782901,1.7407405818740967e-08,6.253341854948875e-08,0.9999999200591756,4.0561342107099376e-07,1.7722891691926805e-06,0.9999978220974097,3.786468488550211e-09,1.3756545669053527e-08,0.9999999824569858,1.2419252199361593e-07,4.833139187671434e-07,0.9999993924935593
CGTGAGCGTTGTACAC_NS_13,P3013,train,IV,IV,Advanced,1,IV,2,Epithelial cells,Epithelial cells,Malignant cells,mBrain,NS_13,mBrain,0.1479219666976719,0.2933817659232953,0.5586962673790328,0.09811362535400368,0.22723233988725716,0.6746540347587391,0.12024330208980964,0.19118942909631714,0.6885672688138732,0.028207333702987288,0.06578459380174008,0.9060080724952726,0.032961281060428636,0.05749393450801719,0.9095447844315542
ACTGAACAGGGTGTTG_NS_19,P3019,train,IV,IV,Advanced,1,IV,2,Myeloid cells,Myeloid cells,mo-Mac,mBrain,NS_19,mBrain,0.23266219867293456,0.09850261825042779,0.6688351830766377,0.19193186323163308,0.005183468257094984,0.8028846685112719,0.17401332590149576,0.007422163002318269,0.818564511096186,0.04867606692407293,0.0013361925264197248,0.9499877405495073,0.04429985098130743,0.002040625583763046,0.9536595234349295
GGCTCGACATGTAGTC_NS_03,P3003,train,IV,IV,Advanced,1,IV,2,Epithelial cells,Epithelial cells,Malignant cells,mBrain,NS_03,mBrain,0.036022042070122565,0.03522364273744752,0.9287543151924299,4.334592239703451e-07,4.535736624503766e-07,0.9999991129671136,5.531687872443295e-06,6.806678360019434e-06,0.9999876616337675,9.387372367736763e-08,9.928177136099831e-08,0.999999806844505,1.5131400670609895e-06,1.7828416969260778e-06,0.999996704018236
CACATTTTCCTAGTGA_NS_19,P3019,train,IV,IV,Advanced,1,IV,2,Myeloid cells,Myeloid cells,mo-Mac,mBrain,NS_19,mBrain,0.3711539873853211,0.3239089570075594,0.30493705560711953,0.38645590360343907,0.20453031961372967,0.4090137767828313,0.3471584802803019,0.22206489611484911,0.43077662360484903,0.15483981010910708,0.08241069181833348,0.7627494980725594,0.13494522967573921,0.08616739987446637,0.7788873704497944
TCACAAGTCTTCGAGA_NS_03,P3003,train,IV,IV,Advanced,1,IV,2,Epithelial cells,Epithelial cells,Malignant cells,mBrain,NS_03,mBrain,0.0070872488721702015,0.019167590570098064,0.9737451605577317,1.2766613157577458e-10,2.912547251961957e-09,0.9999999969597866,5.951978998021838e-09,1.2590888241398583e-07,0.9999998681391385,2.771857040577406e-11,6.409658632847758e-10,0.9999999993313156,1.7356413319242597e-09,3.4343103322585015e-08,0.9999999639212553
CCTAGCTTCCTCCTAG_NS_17,P3017,train,IV,IV,Advanced,1,IV,2,Epithelial cells,Epithelial cells,Malignant cells,mBrain,NS_17,mBrain,0.0001581070512539012,2.0558769972392864e-06,0.9998398370717488,3.5925300710256126e-11,1e-12,0.9999999999630746,3.1434226795653677e-09,1.304818547240965e-11,0.9999999968435291,7.701812797675627e-12,1.4285714286111592e-12,0.9999999999908696,4.662775058007709e-10,3.7650561435109106e-12,0.9999999995299574
CGGAGTCGTAGGGACT_NS_17,P3017,train,IV,IV,Advanced,1,IV,2,Epithelial cells,Epithelial cells,Malignant cells,mBrain,NS_17,mBrain,0.001008053688622758,2.6724638160217714e-05,0.998965221673217,1.1674646280602625e-08,3.306533628380951e-11,0.9999999882922884,3.2251536304023144e-07,2.054739098331214e-09,0.9999996754298979,2.5026149399012623e-09,7.069403597184146e-12,0.9999999974903157,5.215642314383064e-08,5.419645406724072e-10,0.9999999473016123
ACTTGTTAGGTGATAT_NS_12,P3012,train,IV,IV,Advanced,1,IV,2,Epithelial cells,Epithelial cells,Malignant cells,mBrain,NS_12,mBrain,0.11088411734945273,0.07559548108505344,0.8135204015654939,0.00026156717407936554,0.002370969231550755,0.9973674635943699,0.0015536212530660844,0.005319391931102649,0.9931269868158313,5.6348781012100014e-05,0.0005093558647274832,0.9994342953542604,0.0003481085924830455,0.0011004563824975448,0.9985514350250194
AGAATAGCAATCGAAA_NS_17,P3017,train,IV,IV,Advanced,1,IV,2,Myeloid cells,Myeloid cells,Microglia/Mac,mBrain,NS_17,mBrain,0.08432485407245632,0.010040704826786918,0.9056344411007567,0.0068262725032220434,2.872623977723031e-05,0.9931450012570008,0.016631983616230975,0.00016440275675419172,0.9832036136270148,0.0014740100842224279,6.257355521602811e-06,0.998519732560256,0.0033484373372725217,4.391876491563559e-05,0.9966076438978119
CCCTCCTGTTAGGGTG_NS_12,P3012,train,IV,IV,Advanced,1,IV,2,Fibroblasts,Fibroblasts,Pericytes,mBrain,NS_12,mBrain,0.2950004879559769,0.4960785011353012,0.20892101090872195,0.25505385052514923,0.3567309275402685,0.3882152219345823,0.11547952549751601,0.4643522703749557,0.42016820412752837,0.10411098738953695,0.14644185402718626,0.7494471585832768,0.04415381132287433,0.164012874538604,0.7918333141385216
ACGTCAAGTTCCATGA_NS_03,P3003,train,IV,IV,Advanced,1,IV,2,Epithelial cells,Epithelial cells,Malignant cells,mBrain,NS_03,mBrain,0.0075357996503271065,0.019299010405805037,0.9731651899438679,1.6312347757026383e-10,2.722657898233806e-09,0.9999999971142186,7.654774689818203e-09,1.307665494740768e-07,0.9999998615786759,3.544101968629431e-11,6.002460167175856e-10,0.9999999993643129,2.3516312971082755e-09,3.626650852724736e-08,0.9999999613818602
CAGATCAGTAATCACC_NS_19,P3019,train,IV,IV,Advanced,1,IV,2,Myeloid cells,Myeloid cells,mo-Mac,mBrain,NS_19,mBrain,0.34071933122857456,0.10705582985622107,0.5522248389152044,0.23166013005751326,0.005090221701776003,0.7632496482407107,0.2354901042487757,0.007975674426780514,0.7565342213244438,0.06112612982120115,0.0013615204294733074,0.9375123497493255,0.06225548387540489,0.0023098725219956196,0.9354346436025995
CAGCAGCTCTCTAGGA_NS_06,P3006,train,IV,IV,Advanced,1,IV,2,Oligodendrocytes,,,mBrain,NS_06,mBrain,0.032413384031108314,0.4023262392858955,0.5652603766829961,0.02022335541349673,0.47743639064427207,0.5023402539422311,0.016953580605567762,0.46423629488586926,0.518810124508563,0.007107177143010856,0.1674071218767568,0.8254857009802324,0.0066958046358609165,0.16392489908886249,0.8293792962752766
TCGAGGCAGTGCTGCC_NS_13,P3013,train,IV,IV,Advanced,1,IV,2,B lymphocytes,B lymphocytes,Follicular B cells,mBrain,NS_13,mBrain,0.4948080640678589,0.12985306644474218,0.37533886948739886,0.6147866632373825,0.023232048926826277,0.36198128783579125,0.6322473090554218,0.03155029157533973,0.3362023993692384,0.26443424763165646,0.009991211839871254,0.7255745405284723,0.28048490871908,0.014608479068187094,0.704906612212733
GCTCCTAAGCGAAGGG_NS_06,P3006,train,IV,IV,Advanced,1,IV,2,Myeloid cells,Myeloid cells,CD163+CD14+ DCs,mBrain,NS_06,mBrain,0.16656665427989173,0.0999624601487351,0.7334708855713732,0.12835718141875282,0.009519624631985557,0.8621231939492616,0.0845699523834915,0.01138917526375893,0.9040408723527495,0.030791503792041344,0.002314531440142654,0.966893964767816,0.01818252375647764,0.002618181540394811,0.9791992947031275
ACTGCTCTCAATCTCT_NS_06,P3006,train,IV,IV,Advanced,1,IV,2,Myeloid cells,Myeloid cells,Undetermined,mBrain,NS_06,mBrain,0.1995095840480058,0.0834528258623951,0.7170375900895991,0.09590481046106636,0.003973878482998539,0.9001213110559351,0.08541672372264547,0.005166704959429778,0.9094165713179247,0.022295753194207023,0.0009373419470897778,0.9767669048587031,0.020054895794805565,0.001317103862124343,0.9786280003430701
GTAACTGTCAATACCG_NS_19,P3019,train,IV,IV,Advanced,1,IV,2,Fibroblasts,Fibroblasts,FB-like cells,mBrain,NS_19,mBrain,0.037939515170152184,0.2781415202985203,0.6839189645313275,9.921286047558092e-05,0.0035534791733984254,0.996347307966126,5.458324176395822e-05,0.007105539703710382,0.9928398770545257,2.0794280559429514e-05,0.0007651371470418313,0.9992140685723988,1.3031275187787475e-05,0.0016497860245493611,0.9983371827002628
GCTCCTACATATACGC_NS_12,P3012,train,IV,IV,Advanced,1,IV,2,Myeloid cells,Myeloid cells,mo-Mac,mBrain,NS_12,mBrain,0.42073158180953707,0.2540479155334424,0.32522050265702057,0.5876173140196064,0.0918261174965081,0.32055656848388553,0.5494777861762268,0.10547843723699767,0.3450437765867756,0.2708641993489585,0.042855590749676584,0.686280209901365,0.25484577825238486,0.05045050948099091,0.6947037122666243
ATGGGAGCACATCCAA_NS_19,P3019,train,IV,IV,Advanced,1,IV,2,T lymphocytes,T/NK cells,CD8 low T,mBrain,NS_19,mBrain,0.08761333544061228,0.03016818414038037,0.8822184804190074,0.002780170465313242,0.00017681315676257807,0.9970430163779243,0.004429822273043053,0.0003467746304163317,0.9952234030965407,0.0005963104283291782,3.818457344789032e-05,0.999365504998223,0.0009232130470786488,7.47153172021023e-05,0.9990020716357193
ACGATGTAGGCGTACA_NS_12,P3012,train,IV,IV,Advanced,1,IV,2,Epithelial cells,Epithelial cells,Malignant cells,mBrain,NS_12,mBrain,0.12555936640704568,0.09539151356818026,0.7790491200247741,0.0002570146156352309,0.0027843578815202885,0.9969586275028445,0.0015275689252186183,0.006531353699341087,0.9919410773754403,5.528627949327104e-05,0.0005989738743819022,0.9993457398461248,0.0003420801587654983,0.0013627797468543632,0.9982951400943801
CGTGTCTTCGGATGTT_NS_12,P3012,train,IV,IV,Advanced,1,IV,2,Myeloid cells,Myeloid cells,Undetermined,mBrain,NS_12,mBrain,0.26372061485977083,0.14036307975872298,0.5959163053815062,0.13436019162662982,0.009392711835107311,0.8562470965382629,0.13260459589350956,0.013043882512156412,0.854351521594334,0.032554098132488135,0.0023064987283591995,0.9651394031391527,0.034627767292095324,0.003552395448233155,0.9618198372596716
CGCCAAGTCTTCATGT_NS_13,P3013,train,IV,IV,Advanced,1,IV,2,MAST cells,MAST cells,MAST,mBrain,NS_13,mBrain,0.2578973868013585,0.3100715407013641,0.4320310724972775,0.17765867095805332,0.09097302045147988,0.7313683085904669,0.193576266333531,0.12182110567744789,0.6846026279890212,0.04828439729041337,0.024870421495877055,0.9268451812137096,0.05161010801061429,0.03385778062515765,0.9145321113642281
TAGAGCTAGCTGATAA_NS_16,P3016,train,IIIA,III,Advanced,1,II_III,1,B lymphocytes,B lymphocytes,MALT B cells,mBrain,NS_16,mBrain,0.24506051086364114,0.2928116162726606,0.4621278728636983,0.05639512671759066,0.12417442767322352,0.8194304456091858,0.06473696867000629,0.11688735396129815,0.8183756773686957,0.03869252815702776,0.3982413671876967,0.5630661046552756,0.045350054620211466,0.3814911658610642,0.5731587795187244
GTACTCCTCTTTACGT_NS_16,P3016,train,IIIA,III,Advanced,1,II_III,1,T lymphocytes,T/NK cells,CD8+/CD4+ Mixed Th,mBrain,NS_16,mBrain,0.3948841082423477,0.21092557061989015,0.39419032113776226,0.39720985822277405,0.16206225442519817,0.4407278873520278,0.37094072083256624,0.1483439749931737,0.48071530417425995,0.2491505551980536,0.47411608045614906,0.2767333643457974,0.2457912659676466,0.4359874845453978,0.31822124948695557
TACCTTATCTACCTGC_NS_13,P3013,train,IV,IV,Advanced,1,IV,2,MAST cells,MAST cells,MAST,mBrain,NS_13,mBrain,0.2680058210313584,0.2197888526305115,0.5122053263381301,0.24373373895004957,0.054794157564915943,0.7014721034850344,0.22918853062931746,0.06834526061056392,0.7024662087601186,0.06831484881484047,0.015428773528490971,0.9162563776566687,0.06017064530400626,0.018103191601767057,0.9217261630942267
TCTTTCCTCCCTAACC_NS_17,P3017,train,IV,IV,Advanced,1,IV,2,Myeloid cells,Myeloid cells,Microglia/Mac,mBrain,NS_17,mBrain,0.07895917629910651,0.01184220624766269,0.9091986174532308,0.012105985891107673,3.9721289491839e-05,0.9878542928194005,0.021434887629168866,0.00019006130423675346,0.9783750510665944,0.0026171425754567025,8.71268076249276e-06,0.9973741447437808,0.0043062740440333175,4.925700354567304e-05,0.995644468952421
ACACTGAAGAATCTCC_NS_17,P3017,train,IV,IV,Advanced,1,IV,2,Epithelial cells,Epithelial cells,Malignant cells,mBrain,NS_17,mBrain,2.5202810290970386e-05,2.76184840029729e-07,0.999974521004869,1e-12,1e-12,0.999999999998,6.682850854774917e-11,1e-12,0.9999999999321716,1.4285714285702043e-12,1.4285714285702043e-12,0.999999999997143,9.090548206825533e-12,1.4285714286184336e-12,0.999999999989481
CCGGTAGAGGCAAAGA_NS_06,P3006,train,IV,IV,Advanced,1,IV,2,Myeloid cells,Myeloid cells,Undetermined,mBrain,NS_06,mBrain,0.19270726745608602,0.07944324078184616,0.7278494917620679,0.05295122933567098,0.0021757881611863326,0.9448729825031428,0.05616107154494409,0.003659585729218954,0.940179342725837,0.01185572564453921,0.0004924961429122291,0.9876517782125486,0.012626586298322577,0.0008829106735849747,0.9864905030280925
GACGGCTTCCACGCAG_NS_13,P3013,train,IV,IV,Advanced,1,IV,2,T lymphocytes,,,mBrain,NS_13,mBrain,0.5617777225578228,0.20134092896203026,0.2368813484801469,0.9080209492652578,0.06913345403393029,0.02284559670081184,0.901055640513231,0.06355835240816268,0.03538600707860637,0.8378876680615711,0.06372234809278583,0.09838998384564303,0.7945656791989802,0.056026866671982534,0.14940745412903728
TTAACTCCAGCTGTGC_NS_19,P3019,train,IV,IV,Advanced,1,IV,2,Myeloid cells,Myeloid cells,mo-Mac,mBrain,NS_19,mBrain,0.294877059174194,0.22813221012896606,0.47699073069684,0.12585769699371596,0.043872985506149154,0.8302693175001349,0.12487639774089454,0.055662109677874154,0.8194614925812314,0.031142251733717777,0.010939945033963094,0.9579178032323192,0.03139401055597539,0.013833736552770762,0.9547722528912539
TTATGCTCACGGATAG_NS_12,P3012,train,IV,IV,Advanced,1,IV,2,Epithelial cells,Epithelial cells,Malignant cells,mBrain,NS_12,mBrain,0.07737469678558502,0.05421187334131579,0.8684134298730992,5.2249692339585484e-05,0.0005343502225817821,0.9994134000850787,0.00041628052025031477,0.001492230825225252,0.9980914886545245,1.1236852724780651e-05,0.00011490726631132395,0.999873855880964,9.216324913748665e-05,0.00031628275961460064,0.9995915539912479
GCAAACTGTCAGAATA_NS_19,P3019,train,IV,IV,Advanced,1,IV,2,Myeloid cells,Myeloid cells,mo-Mac,mBrain,NS_19,mBrain,0.10347145933611826,0.07223576784004564,0.8242927728238361,0.01453344219294284,0.0005109842812712538,0.9849555735257859,0.014599194252975371,0.0010042629866199339,0.9843965427604047,0.0031526650684825202,0.00011344346623291555,0.9967338914652846,0.0032515453588623983,0.0002521015848322801,0.9964963530563054
GGAACTTCAAGTACCT_NS_17,P3017,train,IV,IV,Advanced,1,IV,2,T lymphocytes,T/NK cells,Exhausted CD8+ T,mBrain,NS_17,mBrain,0.04059063388332827,0.002871140323339368,0.9565382257933324,0.0005442638425582105,2.516402255104136e-06,0.9994532197551866,0.0019470033775872075,1.74714035899164e-05,0.9980355252188229,0.00011658717510630713,5.386402085123355e-07,0.9998828741846851,0.00035368776899256157,4.113599048570837e-06,0.9996421986319589
TGCACCTTCAGAAATG_NS_13,P3013,train,IV,IV,Advanced,1,IV,2,T lymphocytes,T/NK cells,Undetermined,mBrain,NS_13,mBrain,0.43287630968004354,0.07219250957834901,0.4949311807416074,0.49283443853211434,0.006172843536563779,0.5009927179313218,0.5060296790867987,0.007615801243906202,0.48635451966929516,0.17365989684758534,0.002178100556915172,0.8241620025954995,0.17706152877062276,0.0026803623165799107,0.8202581089127974
CCTACCAAGCCGGTAA_NS_03,P3003,train,IV,IV,Advanced,1,IV,2,Epithelial cells,Epithelial cells,Malignant cells,mBrain,NS_03,mBrain,0.026963156887156094,0.04294450916290825,0.9300923339499356,2.8160380570797475e-08,7.198397101555955e-08,0.9999998998556484,5.939696009683038e-07,1.6858663452947332e-06,0.9999977201640537,6.1102280563219525e-09,1.5832355945392898e-08,0.999999978057416,1.72095582506909e-07,4.5545478040041507e-07,0.9999993724496371
CGAGCCACACCAGCAC_NS_03,P3003,train,IV,IV,Advanced,1,IV,2,Epithelial cells,Epithelial cells,Malignant cells,mBrain,NS_03,mBrain,0.008321363255206599,0.022929146308214216,0.9687494904365792,1.1299059429599404e-10,1.2056866178501518e-09,0.9999999986813228,6.396552171343853e-09,9.571458024622241e-08,0.9999998978888676,2.460696787874752e-11,2.670027769064143e-10,0.9999999997083903,1.9693019201561106e-09,2.933120816846317e-08,0.9999999686994899
CATGCCTCAATGGTCT_NS_13,P3013,train,IV,IV,Advanced,1,IV,2,B lymphocytes,B lymphocytes,Follicular B cells,mBrain,NS_13,mBrain,0.47445216213384517,0.1539795445239721,0.3715682933421827,0.7880084543172712,0.038358533786305486,0.17363301189642336,0.7171092489737207,0.04737730467922289,0.2355134463470565,0.481401741332118,0.023422867879949592,0.4951753907879324,0.3860190799913492,0.025751001099157993,0.5882299189094928
GGGATGACAAAGCAAT_NS_03,P3003,train,IV,IV,Advanced,1,IV,2,Epithelial cells,Epithelial cells,Malignant cells,mBrain,NS_03,mBrain,0.06742522505838429,0.03722850204421781,0.895346272897398,3.1388988167442457e-05,9.576704106739418e-06,0.9999590343077258,0.00016980388089662474,6.577446526017853e-05,0.9997644216538433,6.76921503303853e-06,2.0755137272004713e-06,0.9999911552712398,4.176604677413588e-05,1.5852409882871137e-05,0.999942381543343
ATAAGAGCATGTAAGA_NS_13,P3013,train,IV,IV,Advanced,1,IV,2,B lymphocytes,B lymphocytes,Plasma cells,mBrain,NS_13,mBrain,0.3466547026790603,0.33179495416849875,0.3215503431524411,0.34643393107405174,0.2749149952718844,0.3786510736540639,0.3617212632387347,0.2584395721508443,0.37983916461042105,0.14499030562529724,0.11515312185920785,0.739856572515495,0.15065111285824995,0.11073014474239325,0.7386187423993569
CTGATAGTCGAACGGA_NS_19,P3019,train,IV,IV,Advanced,1,IV,2,Myeloid cells,Myeloid cells,CD1c+ DCs,mBrain,NS_19,mBrain,0.03062052642368053,0.013763081608576776,0.9556163919677427,0.00029073267999565276,1.7694307248768952e-05,0.9996915730127556,0.00038459339551937406,4.0233108732251677e-05,0.9995751734957484,6.220160740688616e-05,3.8244108617532966e-06,0.9999339739817313,7.629734662742813e-05,8.519469668096684e-06,0.9999151831837044
GACGCGTCAGATAATG_NS_03,P3003,train,IV,IV,Advanced,1,IV,2,Epithelial cells,Epithelial cells,Malignant cells,mBrain,NS_03,mBrain,0.0049693307559162255,0.010572171738625121,0.9844584975054587,1.3451392958197987e-10,1.90854668658984e-09,0.9999999979569394,5.374367316193799e-09,6.983802840088065e-08,0.9999999247876042,2.9147757270034463e-11,4.191589148335064e-10,0.9999999995516934,1.491872462984314e-09,1.8521529905598083e-08,0.9999999799865976
TACTTACGTCTAAAGA_NS_17,P3017,train,IV,IV,Advanced,1,IV,2,Epithelial cells,Epithelial cells,Malignant cells,mBrain,NS_17,mBrain,0.0024464857677347434,7.326300829557269e-05,0.9974802512239697,6.860653291310546e-07,1.2147392594441093e-09,0.9999993127199317,7.379103070808143e-06,2.98576644831928e-08,0.9999925910392647,1.4672331845784351e-07,2.5903655446271613e-10,0.9999998530176449,1.2177102661688443e-06,7.381866159678566e-09,0.9999987749078677
ACGGAGAGTTACAGAA_NS_03,P3003,train,IV,IV,Advanced,1,IV,2,Epithelial cells,Epithelial cells,Malignant cells,mBrain,NS_03,mBrain,0.016369404582428304,0.03110587505950427,0.9525247203580675,3.562684867607914e-09,3.1194812776891627e-08,0.9999999652425023,1.1017992959983863e-07,1.1156695951899021e-06,0.9999987741504752,7.728574946731216e-10,6.831396450912154e-09,0.9999999923957461,3.168869845802926e-08,2.9694006610378773e-07,0.9999996713712355
GGCGTGTCACACCGAC_NS_19,P3019,train,IV,IV,Advanced,1,IV,2,Myeloid cells,Myeloid cells,mo-Mac,mBrain,NS_19,mBrain,0.26645949768112337,0.2513201173339608,0.4822203849849159,0.04192130545190295,0.027640844907657447,0.9304378496404396,0.05502912662763169,0.045656765167103146,0.8993141082052651,0.009525560495008436,0.006322019817252282,0.9841524196877394,0.012656922587669515,0.01069321248106926,0.9766498649312613
TCGCGAGGTGTCTGAT_NS_17,P3017,train,IV,IV,Advanced,1,IV,2,T lymphocytes,,,mBrain,NS_17,mBrain,0.11339011756338375,0.00885212935994328,0.8777577530766729,0.00639593073335866,3.817940971829911e-05,0.9935658898569231,0.017697579435813134,0.00013833070063148852,0.9821640898635554,0.0013771835722870217,8.23284788432484e-06,0.9986145835798287,0.0034826294331415206,3.162510337768647e-05,0.9964857454634808
CCATGTCCAGTCAGAG_NS_03,P3003,train,IV,IV,Advanced,1,IV,2,Myeloid cells,Myeloid cells,Monocytes,mBrain,NS_03,mBrain,0.2497160708692339,0.19941779452339076,0.5508661346073754,0.04656703434731994,0.040458605080587205,0.9129743605720929,0.06260946602371999,0.05116294584028362,0.8862275881359963,0.010714725965546552,0.00931881810065716,0.9799664559337963,0.01355002675211616,0.011166496398924001,0.9752834768489599
ATTGGTGAGCGGCTTC_NS_17,P3017,train,IV,IV,Advanced,1,IV,2,Epithelial cells,Epithelial cells,Malignant cells,mBrain,NS_17,mBrain,0.0023247676965114875,7.356502399096555e-05,0.9976016672794976,1.340763070055636e-06,3.385968130705673e-09,0.9999986558509618,1.210824755626305e-05,8.04525921601676e-08,0.9999878112998516,2.867550170532001e-07,7.180739483954445e-10,0.999999712526909,1.915207102299008e-06,1.9967728965003613e-08,0.9999980648251687
CTGCTGTAGTCGCCGT_NS_03,P3003,train,IV,IV,Advanced,1,IV,2,Epithelial cells,Epithelial cells,Malignant cells,mBrain,NS_03,mBrain,0.03121412950082209,0.045065663523814366,0.9237202069753636,2.0710157589276684e-08,4.9509285883023945e-08,0.9999999297805565,6.019401593104074e-07,1.960466611634228e-06,0.9999974375932291,4.503564386821146e-09,1.0884284465742277e-08,0.9999999846121511,1.7209507675482112e-07,5.573937683865858e-07,0.9999992705111549
ACGCCAGTCGCTTGTC_NS_16,P3016,train,IIIA,III,Advanced,1,II_III,1,Myeloid cells,Myeloid cells,mo-Mac,mBrain,NS_16,mBrain,0.10661877724483071,0.1338801318711006,0.7595010908840687,0.008566208099769006,0.0017917869779756459,0.9896420049222554,0.010020820354015882,0.0029022957942537297,0.9870768838517304,0.008497162704498776,0.008474012752480522,0.9830288245430207,0.00986247401453889,0.01461996224843216,0.9755175637370289
CCATTCGGTGTTGAGG_NS_13,P3013,train,IV,IV,Advanced,1,IV,2,MAST cells,MAST cells,MAST,mBrain,NS_13,mBrain,0.21329951484526,0.2808906167223448,0.5058098684323953,0.1276757909761721,0.07143635898808166,0.8008878500357463,0.12863497937372115,0.08284681299778239,0.7885182076284964,0.03246112005187907,0.01825937723384488,0.9492795027142761,0.030522205111348667,0.01984739141591203,0.9496304034727394
GGGATGACACATCTTT_NS_19,P3019,train,IV,IV,Advanced,1,IV,2,Myeloid cells,Myeloid cells,mo-Mac,mBrain,NS_19,mBrain,0.0037146839917898355,0.0035461621550933204,0.9927391538531168,2.614394300867206e-07,1.3484223258089477e-08,0.9999997250763467,7.124607708699696e-07,8.914090820992408e-08,0.999999198398321,5.597740776902976e-08,2.969419565085568e-09,0.9999999410531727,1.4570406445085807e-07,2.0717289340790404e-08,0.9999998335786463
TGACAACAGTGGGTTG_NS_03,P3003,train,IV,IV,Advanced,1,IV,2,Epithelial cells,Epithelial cells,Malignant cells,mBrain,NS_03,mBrain,0.036491853444174764,0.05732045250976848,0.9061876940460567,1.5077894235538424e-07,2.426042287923121e-07,0.9999996066168289,2.3799480084489715e-06,5.742889860582198e-06,0.999991877162131,3.273319520664891e-08,5.323718452897096e-08,0.9999999140296203,7.011831185653839e-07,1.5548868820579193e-06,0.9999977439299994
CGTTCTGCAGTGACAG_NS_03,P3003,train,IV,IV,Advanced,1,IV,2,Epithelial cells,Epithelial cells,Malignant cells,mBrain,NS_03,mBrain,0.02288345650761421,0.02601362489668242,0.9511029185957034,2.210260638948977e-08,3.191408747806623e-08,0.9999999459833061,5.477492437585572e-07,1.0425570727616096e-06,0.9999984096936836,4.797728842241395e-09,7.002723983947058e-09,0.9999999881995472,1.51348111551018e-07,2.864422242931775e-07,0.9999995622096641
CAGCTAAAGTACACCT_NS_03,P3003,train,IV,IV,Advanced,1,IV,2,Epithelial cells,Epithelial cells,Malignant cells,mBrain,NS_03,mBrain,0.08778466656094824,0.05953625815153152,0.8526790752875202,2.2606449780549282e-05,7.835672800636532e-06,0.9999695578774188,0.00015451243125907797,6.941558447446622e-05,0.9997760719842664,4.888501606314626e-06,1.7066792303417847e-06,0.9999934048191634,3.9434537876199224e-05,1.7567133471435994e-05,0.9999429983286524
CGACCTTTCTGCTGTC_NS_03,P3003,train,IV,IV,Advanced,1,IV,2,Myeloid cells,Myeloid cells,mo-Mac,mBrain,NS_03,mBrain,0.20970073891321356,0.10834307073107709,0.6819561903557094,0.05262004720129297,0.002879199589172286,0.9445007532095347,0.057689689168431604,0.0052176138562628075,0.9370926969753056,0.011812806699148219,0.0006557083208162949,0.9875314849800355,0.01361505799690626,0.0013013600739147245,0.985083581929179
TCACGAAAGGACAGAA_NS_12,P3012,train,IV,IV,Advanced,1,IV,2,Epithelial cells,Epithelial cells,Malignant cells,mBrain,NS_12,mBrain,0.0643440619660747,0.05454326315623194,0.8811126748776934,6.183045805402659e-06,8.764329294815266e-05,0.9999061736612465,7.246399764679422e-05,0.0004300487681149822,0.9994974872342383,1.3312509304925968e-06,1.8869119027057262e-05,0.9999797996300425,1.6976221693918877e-05,9.261388853436432e-05,0.9998904098897717
CTCCTAGGTATCACCA_NS_12,P3012,train,IV,IV,Advanced,1,IV,2,Epithelial cells,Epithelial cells,Malignant cells,mBrain,NS_12,mBrain,0.014861828633692016,0.02049290207696038,0.9646452692893477,1.970544701656835e-06,8.476816124018429e-05,0.9999132612940581,8.854149467389114e-06,0.00011450728388329923,0.9998766385666493,4.212247359357764e-07,1.815483317545353e-05,0.9999814239420887,1.8540598258887978e-06,2.1284879140207124e-05,0.9999768610610339
CTTGGCTTCTAGCACA_NS_17,P3017,train,IV,IV,Advanced,1,IV,2,Myeloid cells,Myeloid cells,CD163+CD14+ DCs,mBrain,NS_17,mBrain,0.0021510292075438155,0.000594084042131357,0.9972548867503248,3.6149943251587595e-07,7.689463863526818e-08,0.9999995616059288,9.574684137951382e-07,1.8931788746224408e-07,0.9999988532136987,7.696427684918472e-08,1.6504223593732173e-08,0.9999999065314996,1.565827995128865e-07,3.629364401964124e-08,0.9999998071235565
AGTGGGATCAGCATGT_NS_13,P3013,train,IV,IV,Advanced,1,IV,2,MAST cells,MAST cells,MAST,mBrain,NS_13,mBrain,0.25511293707268284,0.22567073453342965,0.5192163283938875,0.15166120352499812,0.02420170351489033,0.8241370929601116,0.1749420544121573,0.043745597089974705,0.781312348497868,0.037788029364635906,0.006063896017580074,0.9561480746177841,0.04214250083662271,0.011023032791155029,0.9468344663722222
CCTACACGTAAACACA_NS_06,P3006,train,IV,IV,Advanced,1,IV,2,Oligodendrocytes,,,mBrain,NS_06,mBrain,0.05764153076648899,0.6848473864282777,0.25751108280523327,0.03604503173052134,0.8539945891070873,0.10996037916239142,0.03466497191056769,0.8214606210541422,0.14387440703529009,0.025735882056246533,0.6077650684225459,0.36649904952120754,0.02725330987908741,0.5362411188712074,0.43650557124970524
CTCGTCACAGTGACAG_NS_19,P3019,train,IV,IV,Advanced,1,IV,2,Epithelial cells,Epithelial cells,Malignant cells,mBrain,NS_19,mBrain,0.09488371151711121,0.0579059988427204,0.8472102896401684,0.0002009150322930506,0.0001416297620176012,0.9996574552056894,0.0007314383947504835,0.0006455411342287203,0.9986230204710208,4.3150881459523995e-05,3.055225727587814e-05,0.9999262968612646,0.0001710156775174232,0.0001522159276098775,0.9996767683948727
