Cell,Patient,split,Stage,Stage_broad,Stage_group,z_obs,Stage_cat,y_cat,Cell_type,Cell_type.refined,Cell_subtype,Tissue,Sample,Sample_Origin,naive_prob_I,naive_prob_II_III,naive_prob_IV,cat_em_prob_I,cat_em_prob_II_III,cat_em_prob_IV,cat_mcem_prob_I,cat_mcem_prob_II_III,cat_mcem_prob_IV,cat_em_soft_label_I,cat_em_soft_label_II_III,cat_em_soft_label_IV,cat_mcem_soft_label_I,cat_mcem_soft_label_II_III,cat_mcem_soft_label_IV
CTAATGGGTGAAATCA_NS_03,P3003,train,IV,IV,Advanced,1,IV,2,Epithelial cells,Epithelial cells,Malignant cells,mBrain,NS_03,mBrain,0.013612058564787663,0.02290650246853645,0.9634814389666759,4.4846278074904056e-05,4.7986603157881385e-05,0.9999071671187673,0.00011501188013663793,9.11150374133007e-05,0.9997938730824502,9.605881228778624e-06,1.0434447685729168e-05,0.9999799596710855,2.6302393322882002e-05,2.018465592715889e-05,0.99995351295075
CTAATGGGTATAAACG_NS_13,P3013,train,IV,IV,Advanced,1,IV,2,MAST cells,MAST cells,MAST,mBrain,NS_13,mBrain,0.20847335297547737,0.1493718579793619,0.6421547890451608,0.07171917261513074,0.007199068491765027,0.9210817588931043,0.07958608801204116,0.008943316239272754,0.911470595748686,0.016384652725603337,0.0016721009324386752,0.9819432463419581,0.01859083935710123,0.00206910880433939,0.9793400518385594
CGTCACTGTCTTGTCC_NS_03,P3003,train,IV,IV,Advanced,1,IV,2,Epithelial cells,Epithelial cells,Malignant cells,mBrain,NS_03,mBrain,0.029239290737553734,0.03788195562928601,0.9328787536331603,0.00017834333458985807,0.0001316196194841751,0.9996900370459261,0.0003913202681608153,0.0002090946595375936,0.9993995850723016,3.8210045027610914e-05,2.8609625736741996e-05,0.9999331803292356,8.741941862352809e-05,4.7226635598697e-05,0.9998653539457778
CTCGAGGAGCCACGCT_NS_17,P3017,train,IV,IV,Advanced,1,IV,2,Myeloid cells,Myeloid cells,Microglia/Mac,mBrain,NS_17,mBrain,0.10628408757408758,0.09165313316548324,0.8020627792604292,0.007671530169891157,0.0013146972534382568,0.9910137725766707,0.010282913385908551,0.0019444762386112006,0.9877726103754803,0.0016553620672308071,0.00028803086194860976,0.9980566070708206,0.0022335873004622926,0.00040311101210636625,0.9973633016874314
TACGGATTCTTGCAAG_NS_12,P3012,train,IV,IV,Advanced,1,IV,2,Epithelial cells,Epithelial cells,Malignant cells,mBrain,NS_12,mBrain,0.12674688916641108,0.10896343151737099,0.7642896793162179,0.006284497135031738,0.003362344929336513,0.9903531579356317,0.00985982835059731,0.0037053351771152965,0.9864348364722875,0.0013566018455234137,0.0007339525208950965,0.9979094456335815,0.0021986560724174217,0.0008583178309070592,0.9969430260966755
TGACAACGTTCACCTC_NS_03,P3003,train,IV,IV,Advanced,1,IV,2,Epithelial cells,Epithelial cells,,mBrain,NS_03,mBrain,0.05108977769294318,0.05294281912649351,0.8959674031805633,0.0016897942763343381,0.0005825655912863037,0.9977276401323795,0.00316778018665581,0.000942525697507912,0.9958896941158363,0.0003626462302024548,0.0001266032763631624,0.9995107504934344,0.0007323766033654807,0.00020688438552232623,0.9990607390111121
CATCAAGTCCTTGACC_NS_12,P3012,train,IV,IV,Advanced,1,IV,2,Epithelial cells,Epithelial cells,Malignant cells,mBrain,NS_12,mBrain,0.036379595320204364,0.060972592544894344,0.9026478121349013,0.00028698500836312835,0.0007197568075371888,0.9989932581840997,0.0006218560716229834,0.0009709405573674208,0.9984072033710096,6.152533448306327e-05,0.00015643090249394003,0.999782043763023,0.00014190348509714577,0.0002225249072397654,0.9996355716076631
AGGCCGTGTTGGTTTG_NS_16,P3016,train,IIIA,III,Advanced,1,II_III,1,Oligodendrocytes,,,mBrain,NS_16,mBrain,0.010138242128764498,0.6158287390342689,0.37403301883696655,0.1202881441065086,0.7981387553370057,0.08157310055648564,0.09203819335234872,0.8179370047900686,0.0900248018575827,0.03066324055325903,0.9485447196532644,0.02079203979347668,0.03299114907942742,0.9444502869655204,0.02255856395505213
AAAGTAGAGAATTCCC_NS_17,P3017,train,IV,IV,Advanced,1,IV,2,Myeloid cells,Myeloid cells,Microglia/Mac,mBrain,NS_17,mBrain,0.22967857097965128,0.18083131860891438,0.5894901104114344,0.0893250284730228,0.02223427630054445,0.8884406952264328,0.09813703792516916,0.024096729890278203,0.8777662321845526,0.02097662485481789,0.005274439076302048,0.9737489360688801,0.023762627953750847,0.0055664078941339065,0.9706709641521153
ATCATGGGTTGTGGAG_NS_03,P3003,train,IV,IV,Advanced,1,IV,2,Epithelial cells,Epithelial cells,Malignant cells,mBrain,NS_03,mBrain,0.05901819270126835,0.04995318542073703,0.8910286218779946,0.0011711200786455624,0.0003301776257889876,0.9984987022955655,0.002180193748087818,0.0005215519132919132,0.9972982543386203,0.0002511738999093474,7.17717454779852e-05,0.9996770543546127,0.00048329361088289346,0.00011531610240336476,0.9994013902867137
GCATGATGTGAGGGTT_NS_13,P3013,train,IV,IV,Advanced,1,IV,2,T lymphocytes,T/NK cells,Undetermined,mBrain,NS_13,mBrain,0.4658585061109358,0.1850803840933677,0.3490611097956965,0.5030667411869815,0.036576474720042315,0.46035678409297626,0.4948527589796921,0.03681157320945484,0.46833566781085295,0.1871013293737236,0.013824198457006808,0.7990744721692696,0.18166132473101357,0.01390868235304508,0.8044299929159414
CGTTAGATCGCCATAA_NS_16,P3016,train,IIIA,III,Advanced,1,II_III,1,NK cells,T/NK cells,NK,mBrain,NS_16,mBrain,0.21314406482041348,0.16420382024603192,0.6226521149335545,0.11793909535774413,0.019503426858795192,0.8625574777834607,0.13013782621091688,0.02093033084246138,0.8489318429466218,0.10987494517107746,0.08611429115956638,0.8040107636693562,0.12257292238232186,0.09291593497760332,0.7845111426400748
GTAACTGGTTCTCATT_NS_16,P3016,train,IIIA,III,Advanced,1,II_III,1,B lymphocytes,B lymphocytes,MALT B cells,mBrain,NS_16,mBrain,0.37032067944411756,0.09009826171482616,0.5395810588410562,0.28030722622845,0.0038185872641560087,0.715874186507394,0.29662916372690906,0.005262699521895512,0.6981081367511954,0.2763712267849631,0.017792544617118593,0.7058362285979184,0.2907305033481773,0.023928720605150514,0.6853407760466722
CCCAATCCAGGTCCAC_NS_12,P3012,train,IV,IV,Advanced,1,IV,2,Epithelial cells,Epithelial cells,Malignant cells,mBrain,NS_12,mBrain,0.22094903438425154,0.09939653466378115,0.6796544309519673,0.031713481021806475,0.0036837663725421774,0.9646027526056513,0.04332521333257371,0.004525802991597744,0.9521489836758286,0.006990132628502611,0.0008214439362392164,0.9921884234352581,0.009791060860413042,0.001044935557358748,0.9891640035822282
GACTACACACCGCTAG_NS_03,P3003,train,IV,IV,Advanced,1,IV,2,Epithelial cells,Epithelial cells,Malignant cells,mBrain,NS_03,mBrain,0.01019516319214028,0.02532274281600035,0.9644820939918594,2.7567462008441838e-05,5.8112147230095305e-05,0.9999143203907614,7.167017339475103e-05,0.00010725146026460016,0.9998210783663407,5.904513377468059e-06,1.2637835227254973e-05,0.9999814576513952,1.652781179526945e-05,2.3821199696095798e-05,0.9999596509885086
GTCGGGTCAAAGGAAG_NS_19,P3019,train,IV,IV,Advanced,1,IV,2,Myeloid cells,Myeloid cells,mo-Mac,mBrain,NS_19,mBrain,0.2193007751372177,0.13714964657112177,0.6435495782916606,0.07922782131378713,0.005943831495725257,0.9148283471904876,0.08365076495487109,0.007723634879239626,0.9086256001658893,0.018191263708872595,0.0013811039504645938,0.9804276323406629,0.019215883582593817,0.001670350363417634,0.9791137660539886
GGCCGATTCACGATGT_NS_19,P3019,train,IV,IV,Advanced,1,IV,2,Myeloid cells,Myeloid cells,mo-Mac,mBrain,NS_19,mBrain,0.22486399115451244,0.13213959745475962,0.6429964113907279,0.08137191416120328,0.006351617401179659,0.912276468437617,0.0898721748001944,0.008001195672220894,0.9021266295275847,0.018721795196669735,0.001479055321545243,0.979799149481785,0.020882274930964864,0.0017916585496876181,0.9773260665193475
GGGAGATTCTTCGGTC_NS_19,P3019,train,IV,IV,Advanced,1,IV,2,Myeloid cells,Myeloid cells,mo-Mac,mBrain,NS_19,mBrain,0.17588867157275567,0.10279218921267902,0.7213191392145653,0.06423206483473991,0.0027483645493754294,0.9330195706158847,0.07258896107644743,0.004820684391190249,0.9225903545323623,0.014527475022177648,0.000631406755810211,0.9848411182220121,0.016750643568751215,0.0009856259983815146,0.9822637304328673
CATCAGACAGACAGGT_NS_12,P3012,train,IV,IV,Advanced,1,IV,2,Epithelial cells,Epithelial cells,Malignant cells,mBrain,NS_12,mBrain,0.27861172917983323,0.11277862321598925,0.6086096476041776,0.0892301541664492,0.008424667253652375,0.9023451785798984,0.11210390352055367,0.010662495431931802,0.8772336010475145,0.02071589990260002,0.0019772767836854954,0.9773068233137144,0.02750584275805222,0.0025617031690262216,0.9699324540729216
CTACATTCACTTGGAT_NS_19,P3019,train,IV,IV,Advanced,1,IV,2,B lymphocytes,B lymphocytes,Plasma cells,mBrain,NS_19,mBrain,0.37099505721724085,0.10138151906898281,0.5276234237137764,0.22421733710050074,0.005401056036284224,0.770381606863215,0.24689092574184965,0.006984611642940651,0.7461244626152097,0.05862083601771484,0.0014291303985983967,0.9399500335836868,0.0662265049637947,0.0018662476227234814,0.9319072474134819
TCATTACGTTGGTAAA_NS_12,P3012,train,IV,IV,Advanced,1,IV,2,Epithelial cells,Epithelial cells,Malignant cells,mBrain,NS_12,mBrain,0.04543045629578125,0.08858336936917581,0.8659861743350429,0.0003761931219353099,0.0015406157191464728,0.9980831911589182,0.0007512206436451202,0.001639863185186162,0.9976089161711688,8.070094663856462e-05,0.00033439314575864907,0.9995849059076028,0.00016915689327026148,0.00038915346642004196,0.9994416896403097
GGATTACTCGCCCTTA_NS_17,P3017,train,IV,IV,Advanced,1,IV,2,Fibroblasts,Fibroblasts,Pericytes,mBrain,NS_17,mBrain,0.05826603067083372,0.668510833390445,0.2732231359387212,0.015030562543960527,0.6052346250313676,0.37973481242467194,0.019205098285277018,0.4721895338074882,0.5086053679072348,0.00627922763722713,0.25291866501725135,0.7408021073455215,0.006807471793563094,0.1778808309322252,0.8153116972742118
ATCATCTAGGGATCTG_NS_17,P3017,train,IV,IV,Advanced,1,IV,2,Epithelial cells,Epithelial cells,Malignant cells,mBrain,NS_17,mBrain,0.13536453995035547,0.14060816531329384,0.7240272947363506,0.014947421574038755,0.007908845638971542,0.9771437327869897,0.021111421836569035,0.008837228038107511,0.9700513501253234,0.003261902247129181,0.001746463871882181,0.9949916338809887,0.004896849282042003,0.0020474588376662743,0.9930556918802917
CTGCCTACACGGTAAG_NS_19,P3019,train,IV,IV,Advanced,1,IV,2,Epithelial cells,Epithelial cells,Malignant cells,mBrain,NS_19,mBrain,0.05681644628874989,0.06332708042697575,0.8798564732842744,0.0019160903423654512,0.0005644138848964054,0.9975194957727381,0.0032427243379514283,0.0008848519615563834,0.9958724237004922,0.0004113247981236272,0.00012283521244998971,0.9994658399894264,0.000731228281761178,0.00019321982361358581,0.9990755518946253
TTGGCAATCGAATGCT_NS_19,P3019,train,IV,IV,Advanced,1,IV,2,Epithelial cells,Epithelial cells,Malignant cells,mBrain,NS_19,mBrain,0.03718375517690237,0.06346755454067662,0.899348690282421,0.0003667818573430112,0.0004589184850107583,0.9991742996576463,0.0007023834656550512,0.0006654497302597901,0.9986321668040852,7.863006361665482e-05,9.989933972366848e-05,0.9998214705966597,0.00015670780673803628,0.00014793396981807865,0.9996953582234439
TCCACACTCAGCCTAA_NS_19,P3019,train,IV,IV,Advanced,1,IV,2,Fibroblasts,Endothelial cells,Tumor ECs,mBrain,NS_19,mBrain,0.0837064742078438,0.14949958172427089,0.7667939440678854,0.0023604391031168824,0.003448827405336437,0.9941907334915466,0.003511183452409763,0.0038921515353618798,0.9925966650122284,0.000507965482421239,0.0007517025494836738,0.9987403319680951,0.0007569220240656611,0.0008788929746650188,0.9983641850012693
CACATTTTCGGCGGTT_NS_13,P3013,train,IV,IV,Advanced,1,IV,2,Epithelial cells,Epithelial cells,Malignant cells,mBrain,NS_13,mBrain,0.1127753781857007,0.21522843237669226,0.671996189437607,0.00041506330036390673,0.01513902660088317,0.9844459100987529,0.0008085256379424704,0.009454243884879544,0.989737230477178,9.004256134168676e-05,0.0033376317399056205,0.9965723256987526,0.00017522053852946136,0.0024777661369993005,0.9973470133244713
CGGGTCAAGTGGCACA_NS_12,P3012,train,IV,IV,Advanced,1,IV,2,Epithelial cells,Epithelial cells,Malignant cells,mBrain,NS_12,mBrain,0.08908211032920038,0.07824829834763618,0.8326695913231634,0.0028986359963286915,0.0015559163855711248,0.9955454476181003,0.005091329329464018,0.002037779335573295,0.9928708913349626,0.0006231615568055265,0.0003387430326929889,0.9990380954105015,0.0011454912771446141,0.00045979724793895785,0.9983947114749164
TCCCGATCAGTTAACC_NS_17,P3017,train,IV,IV,Advanced,1,IV,2,Epithelial cells,Epithelial cells,Malignant cells,mBrain,NS_17,mBrain,0.09442864179632285,0.08726810653111951,0.8183032516725577,0.003603865057255811,0.0015910067247273782,0.9948051282180169,0.0059682674787929595,0.001998218586123068,0.992033513935084,0.0007753301455587351,0.0003469119915953021,0.9988777578628459,0.0013436949668234133,0.0004556564397749973,0.9982006485934016
TAGAGCTAGTGCTGCC_NS_12,P3012,train,IV,IV,Advanced,1,IV,2,Myeloid cells,Myeloid cells,mo-Mac,mBrain,NS_12,mBrain,0.12427213649679897,0.10555265631044544,0.7701752071927557,0.01515700366286992,0.002243730754216147,0.9825992655829139,0.01919422671943022,0.0032052567547143614,0.9776005165258554,0.0032920539169120876,0.0004942506282161086,0.9962136954548718,0.004210604186659854,0.0006691249151241419,0.995120270898216
CTTAACTTCTAGCACA_NS_12,P3012,train,IV,IV,Advanced,1,IV,2,Epithelial cells,Epithelial cells,Malignant cells,mBrain,NS_12,mBrain,0.15452011149487027,0.10491066907355923,0.7405692194315705,0.006989546036651778,0.003724738564105602,0.9892857153992426,0.011158666263694375,0.0038398303049837585,0.9850015034313219,0.0015100763657966763,0.000812544802203155,0.9976773788320001,0.002468529031673547,0.0009037019707630301,0.9966277689975634
ATGCGATAGTAGCGGT_NS_03,P3003,train,IV,IV,Advanced,1,IV,2,Epithelial cells,Epithelial cells,Malignant cells,mBrain,NS_03,mBrain,0.02385905541903873,0.028518333449643326,0.947622611131318,0.00016827564284437228,8.923974685490179e-05,0.9997424846103008,0.0003886688264544209,0.00016341495131281307,0.9994479162222327,3.6048692122800015e-05,1.9378408012080658e-05,0.9999445728998652,8.81134693622882e-05,3.602015950110213e-05,0.9998758663711366
CGTGAGCGTTGTACAC_NS_13,P3013,train,IV,IV,Advanced,1,IV,2,Epithelial cells,Epithelial cells,Malignant cells,mBrain,NS_13,mBrain,0.29999652011717043,0.2234241161089483,0.4765793637738814,0.02671290159901879,0.04570805401744394,0.9275790443835373,0.035787238434487986,0.03409009984610305,0.9301226617194089,0.006070586281769543,0.010526582456772546,0.983402831261458,0.008094905476820891,0.008708270582007883,0.9831968239411712
ACTGAACAGGGTGTTG_NS_19,P3019,train,IV,IV,Advanced,1,IV,2,Myeloid cells,Myeloid cells,mo-Mac,mBrain,NS_19,mBrain,0.21655588302204012,0.13457972203108726,0.6488643949468726,0.09178569107484609,0.005846104694237841,0.902368204230916,0.09691880775480936,0.008522512429997629,0.894558679815193,0.021302034064065112,0.0013747727556878125,0.977323193180247,0.02275440243177018,0.001824447406898705,0.9754211501613311
GGCTCGACATGTAGTC_NS_03,P3003,train,IV,IV,Advanced,1,IV,2,Epithelial cells,Epithelial cells,Malignant cells,mBrain,NS_03,mBrain,0.03686064959603238,0.0379867568453989,0.9251525935585687,0.00035371129145911757,0.00012729502215486278,0.9995189936863861,0.0007257270249817219,0.00020487931490539003,0.9990693936601129,7.579149296644412e-05,2.7657206438569648e-05,0.999896551300595,0.00016106318040757752,4.596162529053551e-05,0.9997929751943019
CACATTTTCCTAGTGA_NS_19,P3019,train,IV,IV,Advanced,1,IV,2,Myeloid cells,Myeloid cells,mo-Mac,mBrain,NS_19,mBrain,0.19359644475711343,0.1202848814412402,0.6861186738016464,0.07582635743331415,0.004739489836814453,0.9194341527298714,0.08300470945895877,0.007330694427549295,0.9096645961134919,0.017343862553386324,0.0010994209758384509,0.9815567164707751,0.01926671520228761,0.0015366610035031333,0.9791966237942092
TCACAAGTCTTCGAGA_NS_03,P3003,train,IV,IV,Advanced,1,IV,2,Epithelial cells,Epithelial cells,Malignant cells,mBrain,NS_03,mBrain,0.014014033238599118,0.025805371128575255,0.9601805956328257,4.675912112829325e-05,5.235464995207176e-05,0.9999008862289196,0.00011565108780200957,9.15795100179608e-05,0.99979276940218,1.0015110874320099e-05,1.1376887700665331e-05,0.999978608001425,2.6313407318685332e-05,2.0629893393729335e-05,0.9999530566992876
CCTAGCTTCCTCCTAG_NS_17,P3017,train,IV,IV,Advanced,1,IV,2,Epithelial cells,Epithelial cells,Malignant cells,mBrain,NS_17,mBrain,0.044647455593961355,0.10946408139184284,0.8458884630141958,0.00048742496801543634,0.002480815943737913,0.9970317590882467,0.0009195630900683229,0.002730559327227864,0.9963498775827038,0.00010469666394941258,0.000540712340495613,0.999354590995555,0.00021097365812106428,0.0006432829322316041,0.9991457434096473
CGGAGTCGTAGGGACT_NS_17,P3017,train,IV,IV,Advanced,1,IV,2,Epithelial cells,Epithelial cells,Malignant cells,mBrain,NS_17,mBrain,0.07195226736233332,0.10599866697253907,0.8220490656651276,0.0019010912886383337,0.0029582582766460226,0.9951406504347157,0.00325880825161697,0.003391927000485602,0.9933492647478974,0.0004089376400893749,0.0006446606479502561,0.9989464017119604,0.0007436186705731357,0.0007848120043527977,0.9984715693250741
ACTTGTTAGGTGATAT_NS_12,P3012,train,IV,IV,Advanced,1,IV,2,Epithelial cells,Epithelial cells,Malignant cells,mBrain,NS_12,mBrain,0.04672950191770145,0.07894201755344336,0.8743284805288551,0.00031304389676968514,0.0013710697551103832,0.99831588634812,0.000663652515871621,0.0014825659326089574,0.9978537815515195,6.714364402349682e-05,0.000297498334151863,0.9996353580218247,0.0001498816543900537,0.000352113519380036,0.9994980048262299
AGAATAGCAATCGAAA_NS_17,P3017,train,IV,IV,Advanced,1,IV,2,Myeloid cells,Myeloid cells,Microglia/Mac,mBrain,NS_17,mBrain,0.2479904208729093,0.20556121947524653,0.5464483596518442,0.12482151210975523,0.0336803704519277,0.841498117438317,0.131223597626387,0.03269482783163795,0.8360815745419751,0.030545238190214565,0.00831219347053695,0.9611425683392485,0.03301068924881572,0.007991891275994409,0.9589974194751899
CCCTCCTGTTAGGGTG_NS_12,P3012,train,IV,IV,Advanced,1,IV,2,Fibroblasts,Fibroblasts,Pericytes,mBrain,NS_12,mBrain,0.17334804635242748,0.6197677896327298,0.2068841640148428,0.12942099048873254,0.71736564871068,0.1532133608005875,0.15218141163894583,0.6292956581398268,0.21852293022122743,0.08281784307396298,0.4594277938217102,0.45775436310432693,0.08491812745119623,0.362161420839689,0.5529204517091147
ACGTCAAGTTCCATGA_NS_03,P3003,train,IV,IV,Advanced,1,IV,2,Epithelial cells,Epithelial cells,Malignant cells,mBrain,NS_03,mBrain,0.011042950681228916,0.021309072857200864,0.9676479764615702,3.192412443375701e-05,4.224839936775718e-05,0.9999258274761985,8.430963569378852e-05,8.272126706341824e-05,0.9998329690972428,6.838383399987758e-06,9.184480369974506e-06,0.9999839771362301,1.947168543014137e-05,1.831680067156568e-05,0.9999622115138983
CAGATCAGTAATCACC_NS_19,P3019,train,IV,IV,Advanced,1,IV,2,Myeloid cells,Myeloid cells,mo-Mac,mBrain,NS_19,mBrain,0.31821137450710296,0.15766113281386432,0.5241274926790328,0.23565281324513807,0.016417581060479594,0.7479296056943824,0.23044322106990392,0.019221206306295383,0.7503355726238007,0.06295689755628085,0.004430067706850871,0.9326130347368683,0.0611894576240418,0.004854526543649266,0.933956015832309
CAGCAGCTCTCTAGGA_NS_06,P3006,train,IV,IV,Advanced,1,IV,2,Oligodendrocytes,,,mBrain,NS_06,mBrain,0.011128594301528941,0.5486068133859484,0.4402645923125228,0.05223904397912848,0.7524624017522721,0.19529855426859946,0.050167432227324144,0.7230837698355018,0.22674879793717406,0.030455208286082013,0.4380873186596106,0.5314574730543073,0.036677156640657634,0.3958938199273383,0.5674290234320041
TCGAGGCAGTGCTGCC_NS_13,P3013,train,IV,IV,Advanced,1,IV,2,B lymphocytes,B lymphocytes,Follicular B cells,mBrain,NS_13,mBrain,0.4758389645320644,0.09778065472469172,0.42638038074324386,0.3738137103568979,0.007663282482518143,0.618523007160584,0.3849843677080826,0.009060723979170945,0.6059549083127466,0.11439275846933197,0.002374717940468387,0.8832325235901997,0.11775329035042127,0.002855291445246693,0.8793914182043321
GCTCCTAAGCGAAGGG_NS_06,P3006,train,IV,IV,Advanced,1,IV,2,Myeloid cells,Myeloid cells,CD163+CD14+ DCs,mBrain,NS_06,mBrain,0.08888828171711213,0.07502837179812402,0.8360833464847639,0.012273829838892464,0.000491769615118884,0.9872344005459887,0.013621437060138445,0.0009756420510800693,0.9854029208887815,0.0026560314973390364,0.0001085328436696031,0.9972354356589914,0.002857891512610113,0.00018408282832620853,0.9969580256590637
ACTGCTCTCAATCTCT_NS_06,P3006,train,IV,IV,Advanced,1,IV,2,Myeloid cells,Myeloid cells,Undetermined,mBrain,NS_06,mBrain,0.37857052937410246,0.18784303009084705,0.43358644053505047,0.42303939667277196,0.03606048021755997,0.5409001231096681,0.40474551088943717,0.039089537732384175,0.5561649513781787,0.14177310871270907,0.01217940027788305,0.8460474910094079,0.13453209221962686,0.012269621814635433,0.8531982859657377
GTAACTGTCAATACCG_NS_19,P3019,train,IV,IV,Advanced,1,IV,2,Fibroblasts,Fibroblasts,FB-like cells,mBrain,NS_19,mBrain,0.16973261591997932,0.5141394175045217,0.3161279665754989,0.07889076006350514,0.3459329171543474,0.5751763227821476,0.0803228702459561,0.31369678902908055,0.6059803407249633,0.025353565079896327,0.11159757331936142,0.8630488616007422,0.024541196930620023,0.0972366032488254,0.8782221998205546
GCTCCTACATATACGC_NS_12,P3012,train,IV,IV,Advanced,1,IV,2,Myeloid cells,Myeloid cells,mo-Mac,mBrain,NS_12,mBrain,0.2524248698210249,0.20817097586734123,0.5394041543116338,0.13940405585578167,0.0398582584804205,0.8207376856637978,0.14132972389873846,0.039566494086505095,0.8191037820147564,0.03475660954780002,0.010014936274666753,0.9552284541775332,0.035749858710400095,0.009434954102575693,0.9548151871870242
ATGGGAGCACATCCAA_NS_19,P3019,train,IV,IV,Advanced,1,IV,2,T lymphocytes,T/NK cells,CD8 low T,mBrain,NS_19,mBrain,0.2967223307641817,0.11230970812238102,0.5909679611134373,0.14467677188094458,0.0038609701542564067,0.851462257964799,0.1622047031143076,0.005553020508334108,0.8322422763773583,0.03509423971144656,0.0009536936168798205,0.9639520666716737,0.03997098498404668,0.0013437342119660722,0.9586852808039873
ACGATGTAGGCGTACA_NS_12,P3012,train,IV,IV,Advanced,1,IV,2,Epithelial cells,Epithelial cells,Malignant cells,mBrain,NS_12,mBrain,0.04453190130497951,0.07978616672767454,0.8756819319673459,0.00028565398936442906,0.0011825052813785849,0.9985318407292569,0.0005952506286715075,0.0013591005020412382,0.9980456488692873,6.126250305035563e-05,0.0002569564728976515,0.999681781024052,0.0001334229432179766,0.0003183835549742994,0.9995481935018077
CGTGTCTTCGGATGTT_NS_12,P3012,train,IV,IV,Advanced,1,IV,2,Myeloid cells,Myeloid cells,Undetermined,mBrain,NS_12,mBrain,0.38656944138177585,0.19988171950543712,0.4135488391127871,0.3771400005406234,0.054714310321468014,0.5681456891379085,0.3724647142350005,0.052288299192438034,0.5752469865725615,0.122288666454802,0.017858566066866463,0.8598527674783315,0.12162641945988217,0.016468438402415034,0.8619051421377029
CGCCAAGTCTTCATGT_NS_13,P3013,train,IV,IV,Advanced,1,IV,2,MAST cells,MAST cells,MAST,mBrain,NS_13,mBrain,0.26216092796838614,0.2235983695778621,0.5142407024537518,0.19979182764131947,0.027622533577603338,0.7725856387810772,0.19834253516389966,0.03006324469165259,0.7715942201444478,0.052128110244976565,0.0073144171766292565,0.9405574725783942,0.053227486085212855,0.007894109183805356,0.9388784047309818
TAGAGCTAGCTGATAA_NS_16,P3016,train,IIIA,III,Advanced,1,II_III,1,B lymphocytes,B lymphocytes,MALT B cells,mBrain,NS_16,mBrain,0.37844310388440167,0.09197803626803779,0.5295788598475606,0.31151530630509305,0.004229481604889315,0.6842552120900176,0.3275196729648134,0.005850668211198765,0.6666296588239878,0.3066755764505154,0.019676246138700466,0.6736481774107842,0.32098091903332193,0.02641830790266238,0.6526007730640156
GTACTCCTCTTTACGT_NS_16,P3016,train,IIIA,III,Advanced,1,II_III,1,T lymphocytes,T/NK cells,CD8+/CD4+ Mixed Th,mBrain,NS_16,mBrain,0.36029291307574,0.11612031453753749,0.5235867723867226,0.35663814174076397,0.004601357037593878,0.6387605012216421,0.3622513484387375,0.007325909040490211,0.6304227425207722,0.3505598343791803,0.0215396601950254,0.6279005054257942,0.35283752220193854,0.03178774767034762,0.6153747301277139
TACCTTATCTACCTGC_NS_13,P3013,train,IV,IV,Advanced,1,IV,2,MAST cells,MAST cells,MAST,mBrain,NS_13,mBrain,0.2984910909326906,0.20381859274882277,0.49769031631848665,0.21281576354519732,0.02523422785931762,0.7619500085954851,0.2156549329662827,0.02626928595780544,0.7580757810759119,0.056089794911800446,0.0067455509181870935,0.9371646541700125,0.058062717077069705,0.007062628502840971,0.9348746544200894
TCTTTCCTCCCTAACC_NS_17,P3017,train,IV,IV,Advanced,1,IV,2,Myeloid cells,Myeloid cells,Microglia/Mac,mBrain,NS_17,mBrain,0.12960256492082048,0.11867658110867754,0.751720853970502,0.016538653287146536,0.0024763648998065027,0.9809849818130469,0.019336284057793765,0.0034307370585755755,0.9772329788836307,0.0035968673916630454,0.000547118293336636,0.9958560143150004,0.004163470845608519,0.0007078908856473536,0.9951286382687442
ACACTGAAGAATCTCC_NS_17,P3017,train,IV,IV,Advanced,1,IV,2,Epithelial cells,Epithelial cells,Malignant cells,mBrain,NS_17,mBrain,0.035399935251301834,0.09600871128367451,0.8685913534650237,0.00020154956026451344,0.0015643957699249394,0.9982340546698105,0.00040667125798825955,0.001593401674476647,0.997999927067535,4.324512245468326e-05,0.00034022741293498495,0.9996165274646104,9.259559178262775e-05,0.00038457001796592984,0.9995228343902515
CCGGTAGAGGCAAAGA_NS_06,P3006,train,IV,IV,Advanced,1,IV,2,Myeloid cells,Myeloid cells,Undetermined,mBrain,NS_06,mBrain,0.3300355872213979,0.1462068720166805,0.5237575407619216,0.2659974437477645,0.011936344827951579,0.7220662114242838,0.2673346060802841,0.01473130086015997,0.7179340930595559,0.07291237228085155,0.0033090594606809496,0.9237785682584675,0.07397394728601542,0.003887386100176703,0.9221386666138078
GACGGCTTCCACGCAG_NS_13,P3013,train,IV,IV,Advanced,1,IV,2,T lymphocytes,,,mBrain,NS_13,mBrain,0.4201932964268406,0.13609097979780177,0.4437157237753577,0.3960579442968811,0.009934358068445948,0.594007697634673,0.39880278578220496,0.012333801714610902,0.5888634125031841,0.1246287059285632,0.0031729374155979166,0.8721983566558389,0.12658107743369607,0.0038971249344162376,0.8695217976318877
TTAACTCCAGCTGTGC_NS_19,P3019,train,IV,IV,Advanced,1,IV,2,Myeloid cells,Myeloid cells,mo-Mac,mBrain,NS_19,mBrain,0.19529522148035988,0.12591074852314796,0.6787940299964922,0.08425790099250204,0.0054459819556906645,0.9102961170518072,0.09217312057447663,0.008431968280607768,0.8993949111449157,0.019421911752149985,0.0012734840955864115,0.9793046041522636,0.021704123293843143,0.0017962473286096872,0.9764996293775472
TTATGCTCACGGATAG_NS_12,P3012,train,IV,IV,Advanced,1,IV,2,Epithelial cells,Epithelial cells,Malignant cells,mBrain,NS_12,mBrain,0.036169246917287956,0.07599551301286489,0.8878352400698472,0.00012705575804118751,0.0009447718652377179,0.998928172376721,0.0002838796498092373,0.0009711805964855443,0.9987449397537053,2.7237340792344946e-05,0.00020494046518412202,0.9997678221940235,6.357478682118581e-05,0.0002354624738145223,0.9997009627393643
GCAAACTGTCAGAATA_NS_19,P3019,train,IV,IV,Advanced,1,IV,2,Myeloid cells,Myeloid cells,mo-Mac,mBrain,NS_19,mBrain,0.17154530661988596,0.15175420330718117,0.6767004900729329,0.04451255895866734,0.00586470970231642,0.9496227313390162,0.046633830501880795,0.007489722037033476,0.9458764474610857,0.009928367296647483,0.0013244635740568352,0.9887471691292957,0.010310797169420453,0.0015479804363250761,0.9881412223942545
GGAACTTCAAGTACCT_NS_17,P3017,train,IV,IV,Advanced,1,IV,2,T lymphocytes,T/NK cells,Exhausted CD8+ T,mBrain,NS_17,mBrain,0.29634301513757894,0.1420886142581704,0.5615683706042507,0.17258897384511476,0.01057415618529414,0.816836869969591,0.18963277918060611,0.012858882435005672,0.7975083383843883,0.04319589726422453,0.0026889373454728003,0.9541151653903027,0.04906251718075915,0.0033071448150128165,0.9476303380042281
TGCACCTTCAGAAATG_NS_13,P3013,train,IV,IV,Advanced,1,IV,2,T lymphocytes,T/NK cells,Undetermined,mBrain,NS_13,mBrain,0.4875477396962228,0.11752818972861795,0.39492407057515927,0.5550606302608196,0.007645738611252493,0.4372936311279279,0.5551406646307142,0.010429129120633058,0.4344302062486527,0.21322058927122506,0.0029821564153699174,0.7837972543134051,0.21496085002887824,0.003932491263231077,0.7811066587078906
CCTACCAAGCCGGTAA_NS_03,P3003,train,IV,IV,Advanced,1,IV,2,Epithelial cells,Epithelial cells,Malignant cells,mBrain,NS_03,mBrain,0.03910278013182117,0.04599158565571894,0.9149056342124599,0.0005450516573567817,0.0002544854362673508,0.9992004629063759,0.0010947772431281304,0.00041918168259628475,0.9984860410742756,0.00011682897845162068,5.53030268952538e-05,0.9998278679946532,0.00024678124250259305,9.290676051148196e-05,0.9996603119969859
CGAGCCACACCAGCAC_NS_03,P3003,train,IV,IV,Advanced,1,IV,2,Epithelial cells,Epithelial cells,Malignant cells,mBrain,NS_03,mBrain,0.009895771817652457,0.020052833198905367,0.9700513949834422,1.0338660137196353e-05,1.882495459340921e-05,0.9999708363852694,2.8002302679582777e-05,3.0234520782130157e-05,0.9999417631765384,2.2137965843439684e-06,4.090394202369604e-06,0.9999936958092133,6.189310021322663e-06,7.0169389794117806e-06,0.9999867937509993
CATGCCTCAATGGTCT_NS_13,P3013,train,IV,IV,Advanced,1,IV,2,B lymphocytes,B lymphocytes,Follicular B cells,mBrain,NS_13,mBrain,0.5604108988569084,0.09747445045287981,0.3421146506902118,0.6162139715632545,0.011122428101850804,0.37266360033489465,0.610776194827086,0.011822750029825054,0.377401055143089,0.2603838522162208,0.004738063235685755,0.7348780845480934,0.25393109365924443,0.005137724687376825,0.7409311816533787
GGGATGACAAAGCAAT_NS_03,P3003,train,IV,IV,Advanced,1,IV,2,Epithelial cells,Epithelial cells,Malignant cells,mBrain,NS_03,mBrain,0.13101630853437352,0.06406417888838742,0.8049195125772391,0.010886329497448433,0.000959614359287218,0.9881540561432643,0.01719806938074088,0.0014957964251419867,0.9813061341941172,0.0023542544133317925,0.00021020487257638763,0.9974355407140918,0.0038615086742933287,0.0003285826838209928,0.9958099086418857
ATAAGAGCATGTAAGA_NS_13,P3013,train,IV,IV,Advanced,1,IV,2,B lymphocytes,B lymphocytes,Plasma cells,mBrain,NS_13,mBrain,0.4335707508596943,0.11097242530766684,0.4554568238326389,0.3610108962274951,0.009698563629867587,0.6292905401426373,0.3795638468536543,0.011601754608758199,0.6088343985375875,0.10915300283878313,0.002965974619423771,0.8878810225417931,0.11816497039734926,0.0036089456211751193,0.8782260839814756
CTGATAGTCGAACGGA_NS_19,P3019,train,IV,IV,Advanced,1,IV,2,Myeloid cells,Myeloid cells,CD1c+ DCs,mBrain,NS_19,mBrain,0.19724905409863952,0.09912472386326411,0.7036262220380964,0.08102446778227905,0.0027319513610253305,0.9162435808566957,0.08715027793717096,0.004296349006716954,0.9085533730561121,0.018583925640227407,0.000636212127967037,0.9807798622318056,0.020049201313014083,0.000929910068118329,0.9790208886188676
GACGCGTCAGATAATG_NS_03,P3003,train,IV,IV,Advanced,1,IV,2,Epithelial cells,Epithelial cells,Malignant cells,mBrain,NS_03,mBrain,0.01523287755469243,0.025585029033790358,0.9591820934115172,5.089288522128582e-05,4.9153264804374956e-05,0.9998999538499743,0.0001250705677534542,8.69436664169527e-05,0.9997879857658296,1.090069460910244e-05,1.068449092980028e-05,0.9999784148144611,2.8277270781947707e-05,1.9540999017629475e-05,0.9999521817302005
TACTTACGTCTAAAGA_NS_17,P3017,train,IV,IV,Advanced,1,IV,2,Epithelial cells,Epithelial cells,Malignant cells,mBrain,NS_17,mBrain,0.1092541329453817,0.1186978700856304,0.7720479969689878,0.01039953335961807,0.005334230035838008,0.9842662366045439,0.015440946126908581,0.006522684536692057,0.9780363693363994,0.002256445457139392,0.0011711112275047436,0.9965724433153559,0.0035844006869128536,0.0014870688815138333,0.9949285304315734
ACGGAGAGTTACAGAA_NS_03,P3003,train,IV,IV,Advanced,1,IV,2,Epithelial cells,Epithelial cells,Malignant cells,mBrain,NS_03,mBrain,0.02403487174292112,0.03785621506544185,0.938108913191637,0.00020218269573368268,0.0001862667884382267,0.9996115505158282,0.0004521310483762103,0.0003185956447614139,0.9992292733068624,4.331990407914278e-05,4.0485796332557245e-05,0.9999161942995883,0.00010385524325570044,7.063544491536634e-05,0.9998255093118289
GGCGTGTCACACCGAC_NS_19,P3019,train,IV,IV,Advanced,1,IV,2,Myeloid cells,Myeloid cells,mo-Mac,mBrain,NS_19,mBrain,0.1565961348142982,0.09030792988455874,0.7530959353011432,0.03752181123882239,0.0015616201469745756,0.960916568614203,0.04437010498702938,0.0028863741324706045,0.9527435208805001,0.008294860915850312,0.00035107308432486006,0.9913540659998249,0.009914352653154447,0.0005747233568022646,0.9895109239900434
TCGCGAGGTGTCTGAT_NS_17,P3017,train,IV,IV,Advanced,1,IV,2,T lymphocytes,,,mBrain,NS_17,mBrain,0.29681226447132836,0.11940898577974965,0.5837787497489221,0.16492322226421235,0.006481297938755077,0.8285954797970326,0.1871736028400376,0.009143098494780467,0.803683298665182,0.04084784629951056,0.0016311185259717201,0.9575210351745177,0.04856766231487028,0.0022870500309726924,0.9491452876541571
CCATGTCCAGTCAGAG_NS_03,P3003,train,IV,IV,Advanced,1,IV,2,Myeloid cells,Myeloid cells,Monocytes,mBrain,NS_03,mBrain,0.09982752966844305,0.0548964187342238,0.8452760515973331,0.009290720210067018,0.00027903529684839186,0.9904302444930847,0.01269250447640466,0.0006071650494891808,0.9867003304741061,0.0020058386303645715,6.143724059622873e-05,0.9979327241290392,0.0027380088563879906,0.00011924622356277676,0.9971427449200493
ATTGGTGAGCGGCTTC_NS_17,P3017,train,IV,IV,Advanced,1,IV,2,Epithelial cells,Epithelial cells,Malignant cells,mBrain,NS_17,mBrain,0.11433077588286772,0.10374842430181924,0.781920799815313,0.005944419512293657,0.0024738208207894393,0.9915817596669169,0.009133961759827376,0.0027074104296719555,0.9881586278105007,0.0012819053715066027,0.0005401450926239473,0.9981779495358695,0.0020363496187373433,0.0006328922806210621,0.9973307581006416
CTGCTGTAGTCGCCGT_NS_03,P3003,train,IV,IV,Advanced,1,IV,2,Epithelial cells,Epithelial cells,Malignant cells,mBrain,NS_03,mBrain,0.03579707303763265,0.0433514552068909,0.9208514717554764,0.0002849383090315951,0.00018529551061546574,0.9995297661803529,0.0006003014355038708,0.0002825884807376193,0.9991171100837586,6.105148916007548e-05,4.026656527801112e-05,0.999898681945562,0.000133538196276127,6.386620392280528e-05,0.9998025955998011
ACGCCAGTCGCTTGTC_NS_16,P3016,train,IIIA,III,Advanced,1,II_III,1,Myeloid cells,Myeloid cells,mo-Mac,mBrain,NS_16,mBrain,0.11937747268983977,0.11131209120784838,0.7693104361023119,0.025308646538583075,0.001673767476396367,0.9730175859850205,0.02802494364328931,0.0029880859036986373,0.9689869704530121,0.025150291336807847,0.00789692398714615,0.9669527846760461,0.02775704824522864,0.012228473738189772,0.9600144780165816
CCATTCGGTGTTGAGG_NS_13,P3013,train,IV,IV,Advanced,1,IV,2,MAST cells,MAST cells,MAST,mBrain,NS_13,mBrain,0.2589088155955936,0.23711074453656164,0.5039804398678448,0.2528463335769615,0.036103340152206995,0.7110503262708315,0.24717312248256118,0.03823294068442569,0.7145939368330132,0.0700924520596733,0.010148800388649732,0.919758747551677,0.07096040007838007,0.01066098101796182,0.9183786189036581
GGGATGACACATCTTT_NS_19,P3019,train,IV,IV,Advanced,1,IV,2,Myeloid cells,Myeloid cells,mo-Mac,mBrain,NS_19,mBrain,0.06955510957252634,0.05666938370968358,0.87377550671779,0.006582856949308365,0.0002196197059435852,0.9931975233447481,0.008170742205971996,0.0005504636862979092,0.9912787941077301,0.0014182203477567795,4.8343345917949397e-05,0.9985334363063253,0.0017398070427412263,9.987250536125518e-05,0.9981603204518975
TGACAACAGTGGGTTG_NS_03,P3003,train,IV,IV,Advanced,1,IV,2,Epithelial cells,Epithelial cells,Malignant cells,mBrain,NS_03,mBrain,0.039348221993070955,0.04224301982392843,0.9184087581830006,0.0006581626560394372,0.0002049102193691414,0.9991369271245915,0.0013078309100202114,0.0003618725610401019,0.9983302965289397,0.00014107491826816603,4.45690018228523e-05,0.999814356079909,0.0002948894629908683,7.892973655467956e-05,0.9996261808004545
CGTTCTGCAGTGACAG_NS_03,P3003,train,IV,IV,Advanced,1,IV,2,Epithelial cells,Epithelial cells,Malignant cells,mBrain,NS_03,mBrain,0.04128371289968408,0.04600188198458962,0.9127144051157263,0.0004050255939985342,0.00024484135334612497,0.9993501330526553,0.0008341355894675468,0.00036487664535381995,0.9988009877651787,8.67936114256358e-05,5.3192338300601374e-05,0.9998600140502738,0.00018567266231304095,8.240946121664673e-05,0.9997319178764703
CAGCTAAAGTACACCT_NS_03,P3003,train,IV,IV,Advanced,1,IV,2,Epithelial cells,Epithelial cells,Malignant cells,mBrain,NS_03,mBrain,0.08680117073872944,0.052811785696896305,0.8603870435643743,0.0014650235531138004,0.0002636091191704173,0.9982713673277158,0.0026440366797216347,0.00036351390467084056,0.9969924494156075,0.0003142068334299536,5.730599103916487e-05,0.9996284871755309,0.0005668136673112399,8.289948381327679e-05,0.9993502868488755
CGACCTTTCTGCTGTC_NS_03,P3003,train,IV,IV,Advanced,1,IV,2,Myeloid cells,Myeloid cells,mo-Mac,mBrain,NS_03,mBrain,0.25401323400412923,0.1497916738517676,0.5961950921441033,0.1288605629530416,0.012502793500313945,0.8586366435466445,0.13415535290501315,0.01510596291596546,0.8507386841790213,0.03105375955982744,0.003048608005548023,0.9658976324346246,0.032528444834095754,0.003487647896772384,0.9639839072691319
TCACGAAAGGACAGAA_NS_12,P3012,train,IV,IV,Advanced,1,IV,2,Epithelial cells,Epithelial cells,Malignant cells,mBrain,NS_12,mBrain,0.032032150206874846,0.06133544334765177,0.9066324064454735,0.00014310124908336827,0.0006473290669222117,0.9992095696839944,0.00032716199441485517,0.0007878302605472705,0.998885007745038,3.067069692328497e-05,0.0001405343779625856,0.9998287949251141,7.420601480295205e-05,0.00018526847890653077,0.9997405255062906
CTCCTAGGTATCACCA_NS_12,P3012,train,IV,IV,Advanced,1,IV,2,Epithelial cells,Epithelial cells,Malignant cells,mBrain,NS_12,mBrain,0.05042563113133583,0.05244922016182463,0.8971251487068396,0.0006026267001172863,0.0003987026450844417,0.9989986706547983,0.001212146662776451,0.0005685818282559214,0.9982192715089676,0.0001291863658564185,8.662660414172962e-05,0.9997841870300018,0.0002708441817461802,0.00012872415110692004,0.999600431667147
CTTGGCTTCTAGCACA_NS_17,P3017,train,IV,IV,Advanced,1,IV,2,Myeloid cells,Myeloid cells,CD163+CD14+ DCs,mBrain,NS_17,mBrain,0.11017516645994303,0.07121988504743335,0.8186049484926236,0.010173282867084231,0.0007403163514933283,0.9890864007814225,0.013287577558289104,0.001146087296106304,0.9855663351456045,0.0021982825187168726,0.00016246241359139617,0.9976392550676918,0.002854211096278662,0.00024130804534498265,0.9969044808583764
AGTGGGATCAGCATGT_NS_13,P3013,train,IV,IV,Advanced,1,IV,2,MAST cells,MAST cells,MAST,mBrain,NS_13,mBrain,0.26276067761143435,0.27777375026162043,0.45946557212694533,0.28539631119150605,0.060181157833064575,0.6544225309754295,0.2725552305524862,0.05775614834146066,0.6696886211060531,0.08393766559556735,0.01792327216518991,0.8981390622392428,0.08207042585258918,0.017013998601098406,0.9009155755463123
CCTACACGTAAACACA_NS_06,P3006,train,IV,IV,Advanced,1,IV,2,Oligodendrocytes,,,mBrain,NS_06,mBrain,0.01822115987276092,0.473632620625425,0.5081462195018142,0.1619169915060287,0.5064858967671587,0.33159711172681255,0.13645443081328387,0.5212509792759662,0.34229458991075007,0.07305978489283431,0.22867062037791694,0.6982695947292488,0.07958354927952707,0.22606496749466523,0.6943514832258078
CTCGTCACAGTGACAG_NS_19,P3019,train,IV,IV,Advanced,1,IV,2,Epithelial cells,Epithelial cells,Malignant cells,mBrain,NS_19,mBrain,0.11476095863384568,0.0627883986470232,0.8224506427191312,0.005603758713948141,0.0006612979398557313,0.9937349433461962,0.009073387937764823,0.0009859328784932798,0.989940679183742,0.0012064189235348795,0.00014427982732272162,0.9986493012491424,0.0019915690629697695,0.00021748772001079473,0.9977909432170194
