Cell,Patient,split,Stage,Stage_broad,Stage_group,z_obs,Stage_cat,y_cat,Cell_type,Cell_type.refined,Cell_subtype,Tissue,Sample,Sample_Origin,naive_prob_I,naive_prob_II_III,naive_prob_IV,cat_em_prob_I,cat_em_prob_II_III,cat_em_prob_IV,cat_mcem_prob_I,cat_mcem_prob_II_III,cat_mcem_prob_IV,cat_em_soft_label_I,cat_em_soft_label_II_III,cat_em_soft_label_IV,cat_mcem_soft_label_I,cat_mcem_soft_label_II_III,cat_mcem_soft_label_IV
CTAATGGGTGAAATCA_NS_03,P3003,train,IV,IV,Advanced,1,IV,2,Epithelial cells,Epithelial cells,Malignant cells,mBrain,NS_03,mBrain,0.01346218795621925,0.022814730508200827,0.96372308153558,3.878825265498398e-05,4.333449556381506e-05,0.9999178772517812,0.00013955639430429477,0.00010115854907725163,0.9997592850566185,8.30458556703981e-06,9.407364674647894e-06,0.9999822880497583,3.2847514292547736e-05,2.6130931291691597e-05,0.9999410215544158
CTAATGGGTATAAACG_NS_13,P3013,train,IV,IV,Advanced,1,IV,2,MAST cells,MAST cells,MAST,mBrain,NS_13,mBrain,0.2082540331701073,0.14945457841025536,0.6422913884196374,0.07023604250658683,0.007044211257822897,0.9227197462355904,0.08148822884884215,0.007763666291036984,0.9107481048601209,0.016024432605685358,0.0016334719709057473,0.9823420954234089,0.01894183914144431,0.0017380605171053067,0.9793201003414503
CGTCACTGTCTTGTCC_NS_03,P3003,train,IV,IV,Advanced,1,IV,2,Epithelial cells,Epithelial cells,Malignant cells,mBrain,NS_03,mBrain,0.02899299154998039,0.03776293862736681,0.9332440698226528,0.0001583676861107023,0.00012156889966335357,0.9997200634142259,0.0005031067597538564,0.00025771371491415247,0.999239179525332,3.3919021735310646e-05,2.638294176169206e-05,0.999939698036503,0.00011467034792110363,6.385318754990008e-05,0.999821476464529
CTCGAGGAGCCACGCT_NS_17,P3017,train,IV,IV,Advanced,1,IV,2,Myeloid cells,Myeloid cells,Microglia/Mac,mBrain,NS_17,mBrain,0.1060240093088718,0.0916285098623087,0.8023474808288196,0.0073068105695694215,0.0012509414243107968,0.9914422480061198,0.01083341477732365,0.0017902084867910451,0.9873763767358853,0.0015761375833708534,0.00027372909366672185,0.9981501333229624,0.0023649222098039405,0.00038155285580165335,0.9972535249343945
TACGGATTCTTGCAAG_NS_12,P3012,train,IV,IV,Advanced,1,IV,2,Epithelial cells,Epithelial cells,Malignant cells,mBrain,NS_12,mBrain,0.1262658890891842,0.10892289110808585,0.76481121980273,0.005838350356545492,0.003258790230158789,0.9909028594132957,0.012334424165430798,0.00469699135445822,0.982968584480111,0.0012595335081777913,0.0007101971218890408,0.9980302693699332,0.0027629998451567353,0.0010999817322973,0.996137018422546
TGACAACGTTCACCTC_NS_03,P3003,train,IV,IV,Advanced,1,IV,2,Epithelial cells,Epithelial cells,,mBrain,NS_03,mBrain,0.050684024016326865,0.05283976332426921,0.8964762126594039,0.0015277630800782996,0.0005431308564264948,0.9979291060634953,0.0035519378268245453,0.0009723436168763448,0.9954757185562991,0.0003277011182183231,0.00011789487667716831,0.9995544040051045,0.0008369100955203122,0.00023530504621400338,0.9989277848582657
CATCAAGTCCTTGACC_NS_12,P3012,train,IV,IV,Advanced,1,IV,2,Epithelial cells,Epithelial cells,Malignant cells,mBrain,NS_12,mBrain,0.0360993463401517,0.06088524483078573,0.9030154088290626,0.00025146771943639377,0.0006758911966922082,0.9990726410838715,0.0007356596309764432,0.0010720835874183843,0.9981922567816052,5.388862859846738e-05,0.0001466728980172146,0.9997994384733844,0.00016946039447521974,0.0002664682141935474,0.9995640713913312
AGGCCGTGTTGGTTTG_NS_16,P3016,train,IIIA,III,Advanced,1,II_III,1,Oligodendrocytes,,,mBrain,NS_16,mBrain,0.009946028942755791,0.61662065202747,0.3734333190297743,0.1220547595144329,0.7984074012053192,0.07953783928024791,0.07337264772262969,0.8104311465026692,0.11619620577470118,0.03107563051455936,0.9486665912943245,0.020257778191116214,0.026820061950931413,0.9445727312096206,0.028607206839447983
AAAGTAGAGAATTCCC_NS_17,P3017,train,IV,IV,Advanced,1,IV,2,Myeloid cells,Myeloid cells,Microglia/Mac,mBrain,NS_17,mBrain,0.22941811512024315,0.18105310685228906,0.5895287780274677,0.0871901525634317,0.021959163422023965,0.8908506840145444,0.1010961400682774,0.023662555309763127,0.8752413046219595,0.0204324305689887,0.005195399918000451,0.9743721695130109,0.024490632715768245,0.005404801121338115,0.9701045661628936
ATCATGGGTTGTGGAG_NS_03,P3003,train,IV,IV,Advanced,1,IV,2,Epithelial cells,Epithelial cells,Malignant cells,mBrain,NS_03,mBrain,0.05863975535761067,0.049832658488773225,0.8915275861536162,0.001066131100627641,0.0003071540495540963,0.9986267148498182,0.002631495931376193,0.0005851382178030371,0.9967833658508208,0.0002285726354507011,6.668302058471104e-05,0.9997047443439646,0.000594936123965235,0.00014183966197742722,0.9992632242140573
GCATGATGTGAGGGTT_NS_13,P3013,train,IV,IV,Advanced,1,IV,2,T lymphocytes,T/NK cells,Undetermined,mBrain,NS_13,mBrain,0.4662303649367416,0.18517606593785946,0.348593569125399,0.5021135050921994,0.03685825414806168,0.46102824075973886,0.5064044222671898,0.031476636712985145,0.462118941019825,0.18657464052923253,0.01392337410948885,0.7995019853612787,0.18542784629193823,0.010961764923561212,0.8036103887845006
CGTTAGATCGCCATAA_NS_16,P3016,train,IIIA,III,Advanced,1,II_III,1,NK cells,T/NK cells,NK,mBrain,NS_16,mBrain,0.21285899386377077,0.16428297792332106,0.6228580282129081,0.11631201198707618,0.019190929146684074,0.8644970588662397,0.13168687375842578,0.018361286096545838,0.8499518401450283,0.10846172045214522,0.08483694632548668,0.8067013332223681,0.12566950166040902,0.08338326641269546,0.7909472319268956
GTAACTGGTTCTCATT_NS_16,P3016,train,IIIA,III,Advanced,1,II_III,1,B lymphocytes,B lymphocytes,MALT B cells,mBrain,NS_16,mBrain,0.37021334320956867,0.09004605066076699,0.5397406061296643,0.2781883962479798,0.0036927962420657584,0.7181188075099545,0.3040516901504051,0.004610510779346563,0.6913377990702484,0.27440493644640584,0.017212642769353935,0.7083824207842403,0.2989943434669606,0.021784295423574924,0.6792213611094645
CCCAATCCAGGTCCAC_NS_12,P3012,train,IV,IV,Advanced,1,IV,2,Epithelial cells,Epithelial cells,Malignant cells,mBrain,NS_12,mBrain,0.22049993716627433,0.09936058598088907,0.6801394768528366,0.03012417181922798,0.003558867522545372,0.9663169606582267,0.050100218646261886,0.004882389402236462,0.9450173919515017,0.006629789262710265,0.0007919398802385415,0.9925782708570512,0.011428835366855915,0.0011605384158719435,0.9874106262172722
GACTACACACCGCTAG_NS_03,P3003,train,IV,IV,Advanced,1,IV,2,Epithelial cells,Epithelial cells,Malignant cells,mBrain,NS_03,mBrain,0.010076299149928887,0.025226187759439783,0.9646975130906313,2.3747735814396526e-05,5.25388889902654e-05,0.9999237133751954,8.58938759623064e-05,0.00011874105857284062,0.9997953650654648,5.0841068194276555e-06,1.1406475267271819e-05,0.9999835094179133,2.040553586586726e-05,3.067202492843482e-05,0.9999489224392057
GTCGGGTCAAAGGAAG_NS_19,P3019,train,IV,IV,Advanced,1,IV,2,Myeloid cells,Myeloid cells,mo-Mac,mBrain,NS_19,mBrain,0.21916280031571947,0.1372055271016046,0.643631672582676,0.07853634942740094,0.0057775093803039265,0.9156861411922952,0.08728445611788001,0.007498530070807452,0.9052170138113126,0.018020766539902738,0.0013407149763290595,0.9806385184837682,0.020181657893766417,0.001614278061109606,0.978204064045124
GGCCGATTCACGATGT_NS_19,P3019,train,IV,IV,Advanced,1,IV,2,Myeloid cells,Myeloid cells,mo-Mac,mBrain,NS_19,mBrain,0.22463604771923465,0.1321693769963779,0.6431945752843874,0.08019035360427362,0.006175751428113876,0.9136338949676125,0.09570816842826256,0.00792939413568601,0.8963624374360515,0.018428819921264775,0.0014357642254123567,0.9801354158533229,0.022458398551208333,0.0017878390203373154,0.9757537624284542
GGGAGATTCTTCGGTC_NS_19,P3019,train,IV,IV,Advanced,1,IV,2,Myeloid cells,Myeloid cells,mo-Mac,mBrain,NS_19,mBrain,0.17563645209167242,0.10282578434494365,0.721537763563384,0.06261290521617817,0.002604865392103197,0.9347822293917187,0.06571945485712721,0.0033911532512713445,0.9308893918916015,0.014140198133326322,0.0005975385768049517,0.9852622632898688,0.01520236999209883,0.000719179654434952,0.9840784503534663
CATCAGACAGACAGGT_NS_12,P3012,train,IV,IV,Advanced,1,IV,2,Epithelial cells,Epithelial cells,Malignant cells,mBrain,NS_12,mBrain,0.27813233327798853,0.11282466889050967,0.6090429978315017,0.08515483084808555,0.008175387389022827,0.9066697817628916,0.11637184552238486,0.009700370170000142,0.873927784307615,0.019694095579080924,0.0019111271862808318,0.9783947772346383,0.02871521325629921,0.002414451270715313,0.9688703354729855
CTACATTCACTTGGAT_NS_19,P3019,train,IV,IV,Advanced,1,IV,2,B lymphocytes,B lymphocytes,Plasma cells,mBrain,NS_19,mBrain,0.3708500914432318,0.10136116244550807,0.5277887461112601,0.22053839476858123,0.005259899064206865,0.7742017061672118,0.2614815833429249,0.0065127020299838995,0.7320057146270913,0.05744612123102704,0.001386416385375314,0.9411674623835977,0.07112063753339659,0.0017812614049933797,0.9270981010616101
TCATTACGTTGGTAAA_NS_12,P3012,train,IV,IV,Advanced,1,IV,2,Epithelial cells,Epithelial cells,Malignant cells,mBrain,NS_12,mBrain,0.045126297124865065,0.08849387225496642,0.8663798306201685,0.00033534681944525453,0.0014785067463011395,0.9981861464342536,0.0009846263711685245,0.0022619985973764607,0.996753375031455,7.191446378763009e-05,0.0003203209342938017,0.9996077646019186,0.0002227708494560807,0.0005549794977363301,0.9992222496528076
GGATTACTCGCCCTTA_NS_17,P3017,train,IV,IV,Advanced,1,IV,2,Fibroblasts,Fibroblasts,Pericytes,mBrain,NS_17,mBrain,0.057992243737803206,0.6691307192541246,0.27287703700807225,0.014743171659764574,0.6095523048932596,0.37570452344697586,0.017610232327398882,0.5717932977443426,0.41059646992825843,0.0061992108178206065,0.256136766325662,0.7376640228565173,0.007251082636795969,0.24275731686253968,0.7499916005006644
ATCATCTAGGGATCTG_NS_17,P3017,train,IV,IV,Advanced,1,IV,2,Epithelial cells,Epithelial cells,Malignant cells,mBrain,NS_17,mBrain,0.1348379741094435,0.1406717445308626,0.724490281359694,0.014015314718315961,0.007721144415514732,0.9782635408661693,0.023654998099499443,0.009490478649864442,0.9668545232506361,0.003055282574967341,0.0017020800283410844,0.9952426373966916,0.0054952285573606,0.0021880937620576604,0.9923166776805818
CTGCCTACACGGTAAG_NS_19,P3019,train,IV,IV,Advanced,1,IV,2,Epithelial cells,Epithelial cells,Malignant cells,mBrain,NS_19,mBrain,0.0564448924673286,0.06321426224976452,0.8803408452829069,0.0017657958116393535,0.0005289376838183384,0.9977052665045424,0.003695567289857563,0.0009315567006569219,0.9953728760094855,0.0003789239030762445,0.00011497823425319487,0.9995060978626706,0.0008475542237713792,0.00021787591012487187,0.9989345698661037
TTGGCAATCGAATGCT_NS_19,P3019,train,IV,IV,Advanced,1,IV,2,Epithelial cells,Epithelial cells,Malignant cells,mBrain,NS_19,mBrain,0.036936061507628716,0.06336974358672759,0.8996941949056437,0.0003295190362177194,0.00043019249315342275,0.999240288470629,0.0008228862261765754,0.0007162160491751089,0.9984608977246483,7.062400763017432e-05,9.351059327743452e-05,0.9998358653990924,0.00018556402442354247,0.00016903085370778765,0.9996454051218687
TCCACACTCAGCCTAA_NS_19,P3019,train,IV,IV,Advanced,1,IV,2,Fibroblasts,Endothelial cells,Tumor ECs,mBrain,NS_19,mBrain,0.08342789531675682,0.1494479213891441,0.7671241832940991,0.002207035435669656,0.0033154606930232114,0.9944775038713072,0.004220366949134923,0.004601167326785832,0.9911784657240793,0.000474830867735054,0.0007216364456661784,0.9988035326865987,0.0009185730198701045,0.0010580572131955956,0.9980233697669343
CACATTTTCGGCGGTT_NS_13,P3013,train,IV,IV,Advanced,1,IV,2,Epithelial cells,Epithelial cells,Malignant cells,mBrain,NS_13,mBrain,0.11262252374732133,0.21561284109051718,0.6717646351621614,0.0003628517640274281,0.015363559133901587,0.984273589102071,0.0011518397768837704,0.013707309003872528,0.9851408512192437,7.872699959883691e-05,0.0033804347732101316,0.9965408382271911,0.00023973947987546032,0.0031438478342466656,0.9966164126858779
CGGGTCAAGTGGCACA_NS_12,P3012,train,IV,IV,Advanced,1,IV,2,Epithelial cells,Epithelial cells,Malignant cells,mBrain,NS_12,mBrain,0.08862583890593313,0.07818368461258075,0.8331904764814861,0.002636525726323965,0.001480072635611075,0.995883401638065,0.005964152611001635,0.0022337511335152574,0.9918020962554832,0.0005665112276919045,0.0003217914116373158,0.9991116973606707,0.0013515581265070079,0.0005316832928813324,0.9981167585806117
TCCCGATCAGTTAACC_NS_17,P3017,train,IV,IV,Advanced,1,IV,2,Epithelial cells,Epithelial cells,Malignant cells,mBrain,NS_17,mBrain,0.09396990618302489,0.0872073397975933,0.8188227540193819,0.003317032892706506,0.001527116286623997,0.9951558508206695,0.007224749199238679,0.002317419394342804,0.9904578314064185,0.0007132892252385323,0.0003325117842024244,0.9989541989905592,0.0016316195654801095,0.0005341486001900382,0.9978342318343298
TAGAGCTAGTGCTGCC_NS_12,P3012,train,IV,IV,Advanced,1,IV,2,Myeloid cells,Myeloid cells,mo-Mac,mBrain,NS_12,mBrain,0.12398740348986068,0.105539174291037,0.7704734222191024,0.014585080540184847,0.0021438181614719296,0.9832711012983433,0.020027656473520415,0.0029737871889901936,0.9769985563374894,0.003166099662769449,0.00047164935405936807,0.9963622509831712,0.004427323873303417,0.0006405567222328962,0.9949321194044637
CTTAACTTCTAGCACA_NS_12,P3012,train,IV,IV,Advanced,1,IV,2,Epithelial cells,Epithelial cells,Malignant cells,mBrain,NS_12,mBrain,0.15402201532735976,0.10486439257530311,0.7411135920973372,0.006480533803785955,0.0036215992103738066,0.9898978669858403,0.014563024062333861,0.005252845610565919,0.9801841303271002,0.0013991772129417015,0.0007886218155938114,0.9978122009714644,0.0032372868268452045,0.0012584307344130083,0.9955042824387418
ATGCGATAGTAGCGGT_NS_03,P3003,train,IV,IV,Advanced,1,IV,2,Epithelial cells,Epithelial cells,Malignant cells,mBrain,NS_03,mBrain,0.02362670687675743,0.028412382782656766,0.9479609103405858,0.0001482135929590008,8.115472344925814e-05,0.9997706316835917,0.00047179336653263755,0.00018415586444317432,0.9993440507690242,3.173715124335374e-05,1.759707942502296e-05,0.9999506657693317,0.00011008654977561315,4.699833827437981e-05,0.9998429151119501
CGTGAGCGTTGTACAC_NS_13,P3013,train,IV,IV,Advanced,1,IV,2,Epithelial cells,Epithelial cells,Malignant cells,mBrain,NS_13,mBrain,0.30008006423567063,0.22371561136586807,0.47620432439846133,0.02495766009672124,0.04638747176009922,0.9286548681431795,0.043343129435574,0.039425747209675344,0.9172311233547507,0.005666893383534259,0.010662495131283697,0.9836706114851821,0.009618789221306523,0.00917429381833248,0.981206916960361
ACTGAACAGGGTGTTG_NS_19,P3019,train,IV,IV,Advanced,1,IV,2,Myeloid cells,Myeloid cells,mo-Mac,mBrain,NS_19,mBrain,0.2163901595302575,0.13466417260315844,0.648945667866584,0.09049200504091567,0.005639891382010167,0.9038681035770741,0.09371089358884598,0.00705675254862659,0.8992323538625274,0.02097595518619877,0.001324197477084157,0.9776998473367171,0.022015401830622883,0.001514577242630804,0.9764700209267463
GGCTCGACATGTAGTC_NS_03,P3003,train,IV,IV,Advanced,1,IV,2,Epithelial cells,Epithelial cells,Malignant cells,mBrain,NS_03,mBrain,0.036565914495299646,0.03785854041088684,0.9255755450938135,0.0003192399883839804,0.0001177488293392491,0.9995630111822768,0.0009517624855667211,0.00026278192067554943,0.9987854555937578,6.838323991378925e-05,2.5544868554033506e-05,0.9999060718915321,0.00021615246613523675,6.431823377339465e-05,0.9997195293000914
CACATTTTCCTAGTGA_NS_19,P3019,train,IV,IV,Advanced,1,IV,2,Myeloid cells,Myeloid cells,mo-Mac,mBrain,NS_19,mBrain,0.19339456990124285,0.12034554454500519,0.6862598855537521,0.07433909295047555,0.004536703285288013,0.9211242037642364,0.07754816509971406,0.005628799578935028,0.9168230353213509,0.016979448304764944,0.0010507050989661927,0.981969846596269,0.01803640012371908,0.0012150035114372102,0.9807485963648438
TCACAAGTCTTCGAGA_NS_03,P3003,train,IV,IV,Advanced,1,IV,2,Epithelial cells,Epithelial cells,Malignant cells,mBrain,NS_03,mBrain,0.013860432450925343,0.025698758634073112,0.9604408089150015,4.087940196433979e-05,4.765503972116885e-05,0.9999114655583146,0.00014957010992866702,0.00011540854090416555,0.9997350213491671,8.75226121970454e-06,1.0337310851971921e-05,0.9999809104279284,3.5019159459430873e-05,2.9553222561687334e-05,0.9999354276179789
CCTAGCTTCCTCCTAG_NS_17,P3017,train,IV,IV,Advanced,1,IV,2,Epithelial cells,Epithelial cells,Malignant cells,mBrain,NS_17,mBrain,0.044360206967909474,0.10944977637860633,0.8461900166534841,0.000434250076810331,0.002392624187269019,0.9971731257359207,0.0010889228585052562,0.0030982769429359677,0.9958128001985588,9.3245220087484e-05,0.000520667361764766,0.9993860874181477,0.0002491138839093555,0.0007309224787719728,0.9990199636373187
CGGAGTCGTAGGGACT_NS_17,P3017,train,IV,IV,Advanced,1,IV,2,Epithelial cells,Epithelial cells,Malignant cells,mBrain,NS_17,mBrain,0.0715591581280083,0.10597616649841318,0.8224646753735785,0.0017271803854660777,0.0028523329733396246,0.9954204866411943,0.003798583714723825,0.0037989750616029077,0.9924024412236733,0.0003713688246586617,0.0006206658526202341,0.9990079653227211,0.0008676285992110718,0.000895133112549888,0.9982372382882391
ACTTGTTAGGTGATAT_NS_12,P3012,train,IV,IV,Advanced,1,IV,2,Epithelial cells,Epithelial cells,Malignant cells,mBrain,NS_12,mBrain,0.04641361590902376,0.07886455099753938,0.8747218330934369,0.0002755548078637434,0.001312169874420949,0.9984122753177153,0.0008663927077982869,0.002003807969983626,0.9971297993222181,5.908071086547335e-05,0.0002841781440514319,0.9996567411450831,0.00019617300417681821,0.0004971176540098353,0.9993067093418134
AGAATAGCAATCGAAA_NS_17,P3017,train,IV,IV,Advanced,1,IV,2,Myeloid cells,Myeloid cells,Microglia/Mac,mBrain,NS_17,mBrain,0.24770957764184798,0.20581910382205154,0.5464713185361004,0.12312969332088619,0.03362512012329329,0.8432451865558205,0.14057377004454155,0.03593170316577281,0.8234945267896857,0.030084135990342417,0.008279940013337274,0.9616359239963203,0.03567841867745966,0.008586183704907114,0.9557353976176333
CCCTCCTGTTAGGGTG_NS_12,P3012,train,IV,IV,Advanced,1,IV,2,Fibroblasts,Fibroblasts,Pericytes,mBrain,NS_12,mBrain,0.1729325503238061,0.620600137346594,0.2064673123295999,0.12761635395031293,0.7223707598110475,0.15001288623863956,0.13809070178654845,0.667334240493872,0.19457505771957956,0.08229147810253441,0.4660824438944818,0.45162607800298393,0.08217861992871024,0.3960123309019935,0.5218090491692963
ACGTCAAGTTCCATGA_NS_03,P3003,train,IV,IV,Advanced,1,IV,2,Epithelial cells,Epithelial cells,Malignant cells,mBrain,NS_03,mBrain,0.010912622143195935,0.02121992293874586,0.9678674549180583,2.7448228715176385e-05,3.797974240939189e-05,0.9999345720288755,0.00010046295181087158,8.991751438176556e-05,0.9998096195338073,5.8768618348602855e-06,8.242654878381446e-06,0.9999858804832867,2.394275819958178e-05,2.358063565897282e-05,0.9999524766061414
CAGATCAGTAATCACC_NS_19,P3019,train,IV,IV,Advanced,1,IV,2,Myeloid cells,Myeloid cells,mo-Mac,mBrain,NS_19,mBrain,0.3182718874465699,0.15776612038852794,0.5239619921649022,0.2356125880575149,0.01613904791526147,0.7482483640272236,0.23135813347728432,0.01797475556765181,0.7506671109550639,0.06293046323955714,0.004351775831294824,0.932717760929148,0.061401728137521684,0.004547437556568501,0.9340508343059098
CAGCAGCTCTCTAGGA_NS_06,P3006,train,IV,IV,Advanced,1,IV,2,Oligodendrocytes,,,mBrain,NS_06,mBrain,0.010935847833319298,0.5492652493730601,0.43979890279362066,0.0521544343097019,0.7559758037488646,0.19186976194143346,0.03798193325564228,0.7276118548166919,0.23440621192766584,0.030618602966127003,0.4433713759795069,0.5260100210543662,0.02802649458989043,0.400197522662263,0.5717759827478467
TCGAGGCAGTGCTGCC_NS_13,P3013,train,IV,IV,Advanced,1,IV,2,B lymphocytes,B lymphocytes,Follicular B cells,mBrain,NS_13,mBrain,0.4762078740837692,0.09772548171842767,0.4260666441978031,0.3708312899468164,0.00753954134490922,0.6216291687082743,0.3941725415816552,0.007874657604900071,0.5979528008134447,0.11309029839369047,0.0023277575825516304,0.8845819440237579,0.12055528916003178,0.0025398241759828593,0.8769048866639854
GCTCCTAAGCGAAGGG_NS_06,P3006,train,IV,IV,Advanced,1,IV,2,Myeloid cells,Myeloid cells,CD163+CD14+ DCs,mBrain,NS_06,mBrain,0.08880445782893952,0.0749806643965,0.8362148777745605,0.012127233134896052,0.00045763427026169616,0.9874151325948423,0.012078341164549058,0.0006488705780534023,0.9872727882573976,0.002624374669225777,0.00010094505096763945,0.9972746802798066,0.002565991082430679,0.0001318599746851361,0.9973021489428843
ACTGCTCTCAATCTCT_NS_06,P3006,train,IV,IV,Advanced,1,IV,2,Myeloid cells,Myeloid cells,Undetermined,mBrain,NS_06,mBrain,0.37859157929715603,0.18805089436109218,0.43335752634175173,0.42378161422767585,0.03584952016908508,0.540368865603239,0.4056658846776595,0.037919226170239476,0.556414889152101,0.14211809578947412,0.01211253387909156,0.8457693703314343,0.13452057804686576,0.01169362397797784,0.8537857979751564
GTAACTGTCAATACCG_NS_19,P3019,train,IV,IV,Advanced,1,IV,2,Fibroblasts,Fibroblasts,FB-like cells,mBrain,NS_19,mBrain,0.1695463364975671,0.5147256148191275,0.31572804868330556,0.07775485232341287,0.34362928240844415,0.578615865268143,0.07917477258065521,0.31547459069217676,0.6053506367271682,0.024889651697001847,0.1103859434032995,0.8647244048996987,0.024517962785910757,0.10092662565652205,0.8745554115575672
GCTCCTACATATACGC_NS_12,P3012,train,IV,IV,Advanced,1,IV,2,Myeloid cells,Myeloid cells,mo-Mac,mBrain,NS_12,mBrain,0.25227794760696787,0.20847107311733432,0.5392509792756978,0.13808358052280403,0.0397143158134014,0.8222021036637946,0.14515006160914415,0.04123799876975312,0.8136119396211028,0.03438222725011909,0.009958435015160543,0.9556593377347203,0.03683832752575867,0.009720335411444538,0.9534413370627969
ATGGGAGCACATCCAA_NS_19,P3019,train,IV,IV,Advanced,1,IV,2,T lymphocytes,T/NK cells,CD8 low T,mBrain,NS_19,mBrain,0.296569898110452,0.11229143894529696,0.591138662944251,0.14236785937486582,0.0037376668936258744,0.8538944737315083,0.17065297325136497,0.004669709601087711,0.8246773171475474,0.034457476455162755,0.0009215160667425308,0.9646210074780948,0.04249120189581403,0.001094986160200626,0.9564138119439853
ACGATGTAGGCGTACA_NS_12,P3012,train,IV,IV,Advanced,1,IV,2,Epithelial cells,Epithelial cells,Malignant cells,mBrain,NS_12,mBrain,0.044247820008763795,0.07971294176394902,0.8760392382272871,0.0002517081099894219,0.0011260661268943433,0.9986222257631162,0.000747064970920686,0.0016767725388527666,0.9975761624902265,5.39643234355715e-05,0.0002442625700994148,0.999701773106465,0.0001679332140666991,0.00041155332908845895,0.9994205134568448
CGTGTCTTCGGATGTT_NS_12,P3012,train,IV,IV,Advanced,1,IV,2,Myeloid cells,Myeloid cells,Undetermined,mBrain,NS_12,mBrain,0.38651211415504694,0.20013929924180962,0.41334858660314344,0.3756970285103003,0.05501151942206032,0.5692914520676394,0.3848701527974191,0.05504512868309577,0.5600847185194852,0.12165405582755769,0.017923373700939074,0.8604225704715033,0.12744544137523017,0.01705982309959824,0.8554947355251715
CGCCAAGTCTTCATGT_NS_13,P3013,train,IV,IV,Advanced,1,IV,2,MAST cells,MAST cells,MAST,mBrain,NS_13,mBrain,0.2619510778261491,0.22390261170024928,0.5141463104736016,0.19835616833554245,0.02759440762645369,0.7740494240380039,0.20094142267473233,0.02697045020457647,0.7720881271206912,0.051684445445760584,0.007296011857100244,0.9410195426971392,0.053342222766475204,0.006507375372528419,0.9401504018609964
TAGAGCTAGCTGATAA_NS_16,P3016,train,IIIA,III,Advanced,1,II_III,1,B lymphocytes,B lymphocytes,MALT B cells,mBrain,NS_16,mBrain,0.378334109686129,0.09193562782757664,0.5297302624862943,0.30922740366610624,0.00409319558543517,0.6866794007484587,0.33248219969980186,0.005037938792351054,0.6624798615078471,0.304568081346617,0.019051124998123423,0.6763807936552596,0.3270597443667557,0.023650039277754845,0.6492902163554894
GTACTCCTCTTTACGT_NS_16,P3016,train,IIIA,III,Advanced,1,II_III,1,T lymphocytes,T/NK cells,CD8+/CD4+ Mixed Th,mBrain,NS_16,mBrain,0.3603516764896397,0.1161160590446679,0.5235322644656925,0.35560022848262385,0.004442060954428532,0.6399577105629477,0.34999104488815197,0.005082038463178492,0.6449269166486695,0.34972760459761454,0.020823974526934897,0.6294484208754505,0.34447009494909303,0.021517286058495372,0.6340126189924117
TACCTTATCTACCTGC_NS_13,P3013,train,IV,IV,Advanced,1,IV,2,MAST cells,MAST cells,MAST,mBrain,NS_13,mBrain,0.2983479128877028,0.20404124147872085,0.49761084563357644,0.21130806565716817,0.025250509758996405,0.7634414245838355,0.22751800413834677,0.02528520608430608,0.7471967897773472,0.05561428701423474,0.006739174318656745,0.9376465386671086,0.061332808772829595,0.00631171319268809,0.9323554780344824
TCTTTCCTCCCTAACC_NS_17,P3017,train,IV,IV,Advanced,1,IV,2,Myeloid cells,Myeloid cells,Microglia/Mac,mBrain,NS_17,mBrain,0.12946200859903592,0.11869227361784673,0.7518457177831174,0.016124713538932002,0.002378243320705642,0.9814970431403623,0.01977973090896072,0.003052112872540626,0.9771681562184987,0.0035057457088640046,0.0005248539348891372,0.9959694003562469,0.0042732714648118205,0.0006373995042178426,0.9950893290309704
ACACTGAAGAATCTCC_NS_17,P3017,train,IV,IV,Advanced,1,IV,2,Epithelial cells,Epithelial cells,Malignant cells,mBrain,NS_17,mBrain,0.03515120173557624,0.09594400988413371,0.8689047883802901,0.00017858574903805823,0.0015107523082172774,0.9983106619427446,0.0005278403488573158,0.0021461775233735463,0.9973259821277692,3.830790704779646e-05,0.00032792216306373387,0.9996337699298885,0.0001199330656017738,0.0005188807773825294,0.9993611861570157
CCGGTAGAGGCAAAGA_NS_06,P3006,train,IV,IV,Advanced,1,IV,2,Myeloid cells,Myeloid cells,Undetermined,mBrain,NS_06,mBrain,0.3299513318841692,0.1462883693974675,0.5237602987183634,0.26527275001173656,0.011712509599794415,0.723014740388469,0.27383044498257836,0.013776427734451695,0.7123931272829699,0.07264525972756154,0.003243293831271469,0.9241114464411669,0.07625826831313058,0.0035927067091812664,0.9201490249776881
GACGGCTTCCACGCAG_NS_13,P3013,train,IV,IV,Advanced,1,IV,2,T lymphocytes,,,mBrain,NS_13,mBrain,0.4202607395045799,0.13611477479607717,0.4436244856993429,0.39502172363358296,0.009792967045214214,0.5951853093212028,0.4131443838005062,0.010819366580813311,0.5760362496186805,0.12413377160867688,0.0031242922854511244,0.872741936105872,0.13263672306424873,0.0032749529716480617,0.8640883239641033
TTAACTCCAGCTGTGC_NS_19,P3019,train,IV,IV,Advanced,1,IV,2,Myeloid cells,Myeloid cells,mo-Mac,mBrain,NS_19,mBrain,0.19506366695424418,0.1259853714635581,0.6789509615821977,0.08248633002068696,0.0052166617228435455,0.9122970082564695,0.08510081682960956,0.006303951383222357,0.9085952317871681,0.018981058846394325,0.001217689605343815,0.9798012515482619,0.020027906861347866,0.0013795171211895382,0.9785925760174626
TTATGCTCACGGATAG_NS_12,P3012,train,IV,IV,Advanced,1,IV,2,Epithelial cells,Epithelial cells,Malignant cells,mBrain,NS_12,mBrain,0.03590901829803591,0.07589018200027178,0.8882007997016923,0.00011126802684550404,0.0009042338202842982,0.9989844981528702,0.0003963306140940971,0.0014636656130918042,0.9981400037728141,2.3845230125597973e-05,0.0001957333233094499,0.999780421446565,8.908163003502427e-05,0.00036734447624858123,0.9995435738937164
GCAAACTGTCAGAATA_NS_19,P3019,train,IV,IV,Advanced,1,IV,2,Myeloid cells,Myeloid cells,mo-Mac,mBrain,NS_19,mBrain,0.17143957376701235,0.15184368963093195,0.6767167366020557,0.0441774906423316,0.005700468873200805,0.9501220404844676,0.048373812329801896,0.007308771544294397,0.9443174161259038,0.009850813502699448,0.0012859168235327136,0.9888632696737678,0.010751503796391212,0.00149506564008662,0.9877534305635222
GGAACTTCAAGTACCT_NS_17,P3017,train,IV,IV,Advanced,1,IV,2,T lymphocytes,T/NK cells,Exhausted CD8+ T,mBrain,NS_17,mBrain,0.2961199972350363,0.14215253164855599,0.5617274711164078,0.16965702864388849,0.01038505328913067,0.8199579180669809,0.19694082594962953,0.011219395101279615,0.791839778949091,0.04233733500733015,0.002633719455132869,0.955028945537537,0.051204691122687905,0.002804428677194157,0.9459908802001179
TGCACCTTCAGAAATG_NS_13,P3013,train,IV,IV,Advanced,1,IV,2,T lymphocytes,T/NK cells,Undetermined,mBrain,NS_13,mBrain,0.4877008985169117,0.11753666266164198,0.3947624388214464,0.5536781565189591,0.007509493874543502,0.4388123496064974,0.5594494612457084,0.008411774455685762,0.4321387642986058,0.2122290736714994,0.002924296023003048,0.7848466303054975,0.21666516639459807,0.003026063231666712,0.7803087703737352
CCTACCAAGCCGGTAA_NS_03,P3003,train,IV,IV,Advanced,1,IV,2,Epithelial cells,Epithelial cells,Malignant cells,mBrain,NS_03,mBrain,0.03878809996579554,0.04586662052152509,0.9153452795126794,0.0004897559670532913,0.00023533094133065994,0.9992749130916161,0.0013175656478607645,0.0004696608845677574,0.9982127734675715,0.00010493625145354684,5.1075986876815024e-05,0.9998439877616697,0.0003038624105866023,0.00011487952676240503,0.9995812580626511
CGAGCCACACCAGCAC_NS_03,P3003,train,IV,IV,Advanced,1,IV,2,Epithelial cells,Epithelial cells,Malignant cells,mBrain,NS_03,mBrain,0.00978653951139243,0.019951642725055257,0.9702618177635524,8.993675723255086e-06,1.7121116081386536e-05,0.9999738852081954,4.187606443951833e-05,4.801567899338931e-05,0.9999101082565671,1.9251516923236143e-06,3.7115357747065635e-06,0.999994363312533,9.532573388361098e-06,1.2550243193111015e-05,0.9999779171834186
CATGCCTCAATGGTCT_NS_13,P3013,train,IV,IV,Advanced,1,IV,2,B lymphocytes,B lymphocytes,Follicular B cells,mBrain,NS_13,mBrain,0.5608020234918198,0.09740055398283295,0.3417974225253472,0.6164257082532206,0.01100703947893617,0.37256725226784326,0.6260483897184496,0.011328917083891438,0.36262269319765905,0.26051787946932536,0.004688008144469176,0.7347941123862055,0.26456031475904684,0.005206150771033088,0.7302335344699201
GGGATGACAAAGCAAT_NS_03,P3003,train,IV,IV,Advanced,1,IV,2,Epithelial cells,Epithelial cells,Malignant cells,mBrain,NS_03,mBrain,0.13045452719726205,0.06398082410533407,0.805564648697404,0.010131108883517915,0.0009037200880102175,0.9889651710284719,0.01937709266191883,0.0014995834710978286,0.9791233238669833,0.002188999932042752,0.00019769387357613537,0.9976133061943812,0.004412495471429937,0.00035427541216848915,0.9952332291164016
ATAAGAGCATGTAAGA_NS_13,P3013,train,IV,IV,Advanced,1,IV,2,B lymphocytes,B lymphocytes,Plasma cells,mBrain,NS_13,mBrain,0.4335598256149178,0.11098325063201651,0.4554569237530656,0.35681870864413984,0.009550414830087233,0.633630876525773,0.3912179399717935,0.010467900821565923,0.5983141592066407,0.10736409664576552,0.0029063974640801886,0.8897295058901543,0.12277567077130402,0.003306979866716312,0.8739173493619796
CTGATAGTCGAACGGA_NS_19,P3019,train,IV,IV,Advanced,1,IV,2,Myeloid cells,Myeloid cells,CD1c+ DCs,mBrain,NS_19,mBrain,0.19709981123875023,0.09910734563931847,0.7037928431219312,0.07999524138669553,0.002603438104781676,0.9174013205085229,0.08082661841178539,0.0031909804587569386,0.9159824011294577,0.01833088805267213,0.0006055539699844248,0.9810635579773435,0.018592661332421302,0.0007332061901625015,0.9806741324774162
GACGCGTCAGATAATG_NS_03,P3003,train,IV,IV,Advanced,1,IV,2,Epithelial cells,Epithelial cells,Malignant cells,mBrain,NS_03,mBrain,0.015071870284040688,0.02547922548200507,0.9594489042339542,4.454176968763022e-05,4.47020072379646e-05,0.9999107562230745,0.00016173600073749454,0.00010826469782097321,0.9997299993014416,9.536669532340764e-06,9.699994389171545e-06,0.9999807633360785,3.761184936707307e-05,2.7659379501774092e-05,0.9999347287711312
TACTTACGTCTAAAGA_NS_17,P3017,train,IV,IV,Advanced,1,IV,2,Epithelial cells,Epithelial cells,Malignant cells,mBrain,NS_17,mBrain,0.10872897841944915,0.1187010543952008,0.7725699671853501,0.009677904140774003,0.005145882233048043,0.985176213626178,0.016732788279697722,0.0066107521830873475,0.9766564595372149,0.002097900619032336,0.0011280526084171004,0.9967740467725505,0.003908338654829695,0.001559003528569665,0.9945326578166007
ACGGAGAGTTACAGAA_NS_03,P3003,train,IV,IV,Advanced,1,IV,2,Epithelial cells,Epithelial cells,Malignant cells,mBrain,NS_03,mBrain,0.02380461291953157,0.037748533853708695,0.9384468532267597,0.00017790978392589918,0.00017109854346930215,0.9996509916726048,0.0005280428949258726,0.00034009465649074863,0.9991318624485834,3.8102778118705695e-05,3.713768584847098e-05,0.9999247595360329,0.0001240642131801577,8.495172075211006e-05,0.9997909840660678
GGCGTGTCACACCGAC_NS_19,P3019,train,IV,IV,Advanced,1,IV,2,Myeloid cells,Myeloid cells,mo-Mac,mBrain,NS_19,mBrain,0.15636657058273148,0.09031313801521557,0.7533202914020529,0.03633198417310899,0.0014706848134609094,0.9621973310134302,0.040597350500246994,0.0020152485162037315,0.9573874009835494,0.008023446760676161,0.0003302397906883446,0.9916463134486355,0.009118093986974567,0.00041749622840698007,0.9904644097846185
TCGCGAGGTGTCTGAT_NS_17,P3017,train,IV,IV,Advanced,1,IV,2,T lymphocytes,,,mBrain,NS_17,mBrain,0.29649341818431274,0.11945605292300757,0.5840505288926797,0.1606574137574378,0.006292971511242357,0.8330496147313199,0.186995065460918,0.00725712501163154,0.8057478095274505,0.03962691211797434,0.0015777249239103137,0.9587953629581154,0.048490538354042566,0.0017889283282860166,0.9497205333176714
CCATGTCCAGTCAGAG_NS_03,P3003,train,IV,IV,Advanced,1,IV,2,Myeloid cells,Myeloid cells,Monocytes,mBrain,NS_03,mBrain,0.0995601564706559,0.054825562938608394,0.8456142805907357,0.008852508132048638,0.0002572247666063225,0.9908902671013451,0.012084212253140715,0.0004235564572516682,0.9874922312896076,0.0019104769795020098,5.6599212579023054e-05,0.998032923807919,0.002642950426662471,8.924608848694438e-05,0.9972678034848506
ATTGGTGAGCGGCTTC_NS_17,P3017,train,IV,IV,Advanced,1,IV,2,Epithelial cells,Epithelial cells,Malignant cells,mBrain,NS_17,mBrain,0.11385662619595857,0.10367384504257027,0.7824695287614711,0.0055766212596377995,0.0024039299600343835,0.9920194487803279,0.011800494949863936,0.003601621290501203,0.9845978837596349,0.001201992830625889,0.0005240906600726695,0.9982739165093015,0.002645264163206086,0.0008352854622146785,0.9965194503745792
CTGCTGTAGTCGCCGT_NS_03,P3003,train,IV,IV,Advanced,1,IV,2,Epithelial cells,Epithelial cells,Malignant cells,mBrain,NS_03,mBrain,0.03551548365352096,0.04322532620435854,0.9212591901421205,0.0002549435554631463,0.0001720859517869593,0.99957297049275,0.0007817827682235198,0.00035771772309511055,0.9988604995086814,5.460654583951928e-05,3.7339204444541425e-05,0.999908054249716,0.00017733195817373016,8.747833477011491e-05,0.9997351897070562
ACGCCAGTCGCTTGTC_NS_16,P3016,train,IIIA,III,Advanced,1,II_III,1,Myeloid cells,Myeloid cells,mo-Mac,mBrain,NS_16,mBrain,0.11918896566644493,0.11133763183872974,0.7694734024948253,0.02481907818436057,0.0015830063748375248,0.973597915440802,0.025760278479333473,0.0021755345589812417,0.9720641869616853,0.024674425284294352,0.007469215276884792,0.9678563594388209,0.025824491951324188,0.00908130220347742,0.9650942058451983
CCATTCGGTGTTGAGG_NS_13,P3013,train,IV,IV,Advanced,1,IV,2,MAST cells,MAST cells,MAST,mBrain,NS_13,mBrain,0.2585888720529405,0.2374646947115452,0.5039464332355142,0.25199568791141413,0.03618804661601319,0.7118162654725726,0.24980180245510136,0.03507766247704759,0.715120535067851,0.06980421328065337,0.010164347723201564,0.920031438996145,0.07109430385123185,0.008979163464439048,0.9199265326843292
GGGATGACACATCTTT_NS_19,P3019,train,IV,IV,Advanced,1,IV,2,Myeloid cells,Myeloid cells,mo-Mac,mBrain,NS_19,mBrain,0.06940704730170878,0.05662688048600074,0.8739660722122905,0.006344609175221886,0.00020052888431949375,0.9934548619404586,0.006803137432507134,0.00031146369878510877,0.9928853988687079,0.00136673529505981,4.4123193571272385e-05,0.9985891415113689,0.001471149146246853,6.151339797727969e-05,0.9984673374557759
TGACAACAGTGGGTTG_NS_03,P3003,train,IV,IV,Advanced,1,IV,2,Epithelial cells,Epithelial cells,Malignant cells,mBrain,NS_03,mBrain,0.0390313399717823,0.04212479231849848,0.9188438677097193,0.0005930186579894395,0.00018872156369160732,0.999218259778319,0.0015385247160156928,0.0003845135247241188,0.9980769617592602,0.0001270610511104082,4.100130459164722e-05,0.9998319376442979,0.00035525406706503825,9.274295160757826e-05,0.9995520029813274
CGTTCTGCAGTGACAG_NS_03,P3003,train,IV,IV,Advanced,1,IV,2,Epithelial cells,Epithelial cells,Malignant cells,mBrain,NS_03,mBrain,0.0409756728746359,0.045880271810016686,0.9131440553153475,0.00036317677985905173,0.00022810748597322064,0.9994087157341677,0.001070724487042735,0.00045411105595148156,0.9984751644570058,7.779896401764294e-05,4.9482501891307985e-05,0.9998727185340911,0.0002425488114635765,0.0001110766615989921,0.9996463745269375
CAGCTAAAGTACACCT_NS_03,P3003,train,IV,IV,Advanced,1,IV,2,Epithelial cells,Epithelial cells,Malignant cells,mBrain,NS_03,mBrain,0.0863822104217726,0.05267245925298946,0.860945330325238,0.001353527792137178,0.0002485607077979913,0.9983979115000648,0.003737969845815543,0.0005200138524053754,0.9957420163017792,0.00029021544651597694,5.395388660841141e-05,0.9996558306668756,0.0008129440386035489,0.0001227451107241061,0.9990643108506724
CGACCTTTCTGCTGTC_NS_03,P3003,train,IV,IV,Advanced,1,IV,2,Myeloid cells,Myeloid cells,mo-Mac,mBrain,NS_03,mBrain,0.2539422504291644,0.14989292063070972,0.5961648289401259,0.12754508193379457,0.01222022712154212,0.8602346909446633,0.13362897732931175,0.013544895172751694,0.8528261274979366,0.030693896848522355,0.0029743961247489133,0.9663317070267288,0.032401862520593586,0.0031697575881319204,0.9644283798912745
TCACGAAAGGACAGAA_NS_12,P3012,train,IV,IV,Advanced,1,IV,2,Epithelial cells,Epithelial cells,Malignant cells,mBrain,NS_12,mBrain,0.031779147147684095,0.06123959088944781,0.9069812619628682,0.00012452314161963692,0.0006111577073438784,0.9992643191510365,0.00041883370902615465,0.0010056985855485515,0.9985754677054253,2.66787935983402e-05,0.0001324345202445363,0.9998408866861572,9.563966361598925e-05,0.00025295013835103017,0.999651410198033
CTCCTAGGTATCACCA_NS_12,P3012,train,IV,IV,Advanced,1,IV,2,Epithelial cells,Epithelial cells,Malignant cells,mBrain,NS_12,mBrain,0.05008136106156697,0.05234119904994181,0.8975774398884913,0.000539835360924079,0.000373770021718079,0.9990863946173578,0.0015180112634081097,0.000682325781729979,0.9977996629548619,0.00011568415946519147,8.108805877110903e-05,0.9998032277817637,0.00034340959052698135,0.00016591552880290396,0.9994906748806701
CTTGGCTTCTAGCACA_NS_17,P3017,train,IV,IV,Advanced,1,IV,2,Myeloid cells,Myeloid cells,CD163+CD14+ DCs,mBrain,NS_17,mBrain,0.10991123750288426,0.07112952914356672,0.818959233353549,0.009821092957856721,0.0006986662416323625,0.989480240800511,0.014053272315223443,0.0010505836339927375,0.9848961440507839,0.002121528098032041,0.0001531533369220156,0.997725318565046,0.003055283999898525,0.00023801222517531948,0.9967067037749262
AGTGGGATCAGCATGT_NS_13,P3013,train,IV,IV,Advanced,1,IV,2,MAST cells,MAST cells,MAST,mBrain,NS_13,mBrain,0.26244548105542537,0.27825581851780673,0.45929870042676785,0.28528861981743575,0.06092945768971387,0.6537819224928504,0.27919477230628964,0.056771565020908535,0.6640336626728018,0.08396946852716897,0.018154845011936063,0.897875686460895,0.08358818403431384,0.015117134572541225,0.901294681393145
CCTACACGTAAACACA_NS_06,P3006,train,IV,IV,Advanced,1,IV,2,Oligodendrocytes,,,mBrain,NS_06,mBrain,0.017931135344752516,0.474187541308657,0.5078813233465905,0.16387410721061715,0.507398105482197,0.3287277873071858,0.10940103155118536,0.5130375807618691,0.37756138768694564,0.074264981640476,0.23021106157286,0.695523956786664,0.06222664974055885,0.21586651618897976,0.7219068340704614
CTCGTCACAGTGACAG_NS_19,P3019,train,IV,IV,Advanced,1,IV,2,Epithelial cells,Epithelial cells,Malignant cells,mBrain,NS_19,mBrain,0.1142834919707806,0.06268535390128628,0.8230311541279332,0.005216608552516709,0.0006233822195116012,0.9941600092279718,0.010903451152792376,0.0010928857017343755,0.9880036631454733,0.0011224796316333908,0.00013583528572587946,0.9987416850826407,0.0024266114765590526,0.0002555668682316915,0.9973178216552092
