Cell,Patient,split,Stage,Stage_broad,Stage_group,z_obs,Stage_cat,y_cat,Cell_type,Cell_type.refined,Cell_subtype,Tissue,Sample,Sample_Origin,naive_prob_I,naive_prob_II_III,naive_prob_IV,cat_em_prob_I,cat_em_prob_II_III,cat_em_prob_IV,cat_mcem_prob_I,cat_mcem_prob_II_III,cat_mcem_prob_IV,cat_em_soft_label_I,cat_em_soft_label_II_III,cat_em_soft_label_IV,cat_mcem_soft_label_I,cat_mcem_soft_label_II_III,cat_mcem_soft_label_IV
CTAATGGGTGAAATCA_NS_03,P3003,train,IV,IV,Advanced,1,IV,2,Epithelial cells,Epithelial cells,Malignant cells,mBrain,NS_03,mBrain,0.015071533028218212,0.02334164780046788,0.961586819171314,6.502516887085128e-06,1.2558722472642662e-05,0.9999809387606403,1.1067705120609383e-05,1.2437465610329592e-05,0.9999764948292691,1.3827992664695703e-06,2.663590059409662e-06,0.9999959536106742,2.089289556230377e-06,3.0989961125554713e-06,0.9999948117143312
CTAATGGGTATAAACG_NS_13,P3013,train,IV,IV,Advanced,1,IV,2,MAST cells,MAST cells,MAST,mBrain,NS_13,mBrain,0.5680536448006934,0.3468365446034129,0.08510981059589368,0.49388121236942745,0.4477633169420638,0.05835547068850879,0.5258896044135953,0.4158696568496402,0.05824073873676457,0.4087390500826515,0.3667715632175211,0.22448938669982738,0.4329688419435968,0.3325877682958367,0.23444338976056653
CGTCACTGTCTTGTCC_NS_03,P3003,train,IV,IV,Advanced,1,IV,2,Epithelial cells,Epithelial cells,Malignant cells,mBrain,NS_03,mBrain,0.05149945421377554,0.03790869455230932,0.9105918512339152,0.00014055709494566516,7.207768220576555e-05,0.9997873652228486,0.0002251416320598392,8.206078102137902e-05,0.9996927975869188,3.0027051405237826e-05,1.542440207525501e-05,0.9999545485465196,4.3011183610736145e-05,2.0447743536475424e-05,0.9999365410728528
CTCGAGGAGCCACGCT_NS_17,P3017,train,IV,IV,Advanced,1,IV,2,Myeloid cells,Myeloid cells,Microglia/Mac,mBrain,NS_17,mBrain,0.031518325757377154,0.010948388873646415,0.9575332853689764,2.3699309820269637e-05,3.97172244192898e-06,0.9999723289677378,0.00014971260877664442,2.5063797235599786e-05,0.9998252235939877,5.079596614252532e-06,8.561929998694362e-07,0.9999940642103858,2.96122281893745e-05,5.4038991726999194e-06,0.999964983872638
TACGGATTCTTGCAAG_NS_12,P3012,train,IV,IV,Advanced,1,IV,2,Epithelial cells,Epithelial cells,Malignant cells,mBrain,NS_12,mBrain,0.12880605455143146,0.0962775552395772,0.7749163902089914,9.124887261967185e-05,6.270961850537762e-05,0.999846041508875,0.000365471280837339,0.0001821569174788818,0.9994523718016838,2.0405412216180852e-05,1.3979161099415383e-05,0.9999656154266844,7.477946540281994e-05,4.112833662702846e-05,0.9998840921979701
TGACAACGTTCACCTC_NS_03,P3003,train,IV,IV,Advanced,1,IV,2,Epithelial cells,Epithelial cells,,mBrain,NS_03,mBrain,0.09906369944772879,0.06346656743222477,0.8374697331200465,0.00474844793703626,0.000956799348958225,0.9942947527140055,0.005890483498265186,0.0009407575802193327,0.9931687589215156,0.001016655606111167,0.0002058928778675315,0.9987774515160213,0.0011639102721191653,0.00022689480435736264,0.9986091949235235
CATCAAGTCCTTGACC_NS_12,P3012,train,IV,IV,Advanced,1,IV,2,Epithelial cells,Epithelial cells,Malignant cells,mBrain,NS_12,mBrain,0.06051448401902991,0.04751720679450929,0.8919683091864608,2.4522873746473e-05,2.3361911849915655e-05,0.9999521152144036,7.317810225749553e-05,4.828906236699045e-05,0.9998785328353755,5.369956742151721e-06,5.102402774536774e-06,0.9999895276404832,1.3803326352076876e-05,1.1194007194477309e-05,0.9999750026664534
AGGCCGTGTTGGTTTG_NS_16,P3016,train,IIIA,III,Advanced,1,II_III,1,Oligodendrocytes,,,mBrain,NS_16,mBrain,0.17399989995593124,0.5576049137685686,0.26839518627550013,0.04508871099899058,0.6790549467744882,0.27585634222652133,0.047892566846739947,0.6592709292047695,0.2928365039484906,0.012900504643610347,0.908324327419028,0.0787751679373617,0.013124664742992629,0.9107092368447928,0.07616609841221454
AAAGTAGAGAATTCCC_NS_17,P3017,train,IV,IV,Advanced,1,IV,2,Myeloid cells,Myeloid cells,Microglia/Mac,mBrain,NS_17,mBrain,0.09862201593946507,0.03353579394314629,0.8678421901173887,0.0026020095024873995,0.0005568320119254013,0.9968411584855872,0.005444087301736052,0.0011099453031613755,0.9934459673951026,0.000556812007462145,0.00011987840070336686,0.9993233095918346,0.0011547497730112616,0.0002519211621763296,0.9985933290648125
ATCATGGGTTGTGGAG_NS_03,P3003,train,IV,IV,Advanced,1,IV,2,Epithelial cells,Epithelial cells,Malignant cells,mBrain,NS_03,mBrain,0.06662501186220882,0.05649754078586178,0.8768774473519294,0.00039072732482416404,0.00031515825744911054,0.9992941144177268,0.0005624550576996031,0.0003079585328016641,0.9991295864094988,8.349242321292691e-05,6.750390051571439e-05,0.9998490036762714,0.00011226948389967165,7.690033778160003e-05,0.9998108301783187
GCATGATGTGAGGGTT_NS_13,P3013,train,IV,IV,Advanced,1,IV,2,T lymphocytes,T/NK cells,Undetermined,mBrain,NS_13,mBrain,0.2507172973000862,0.1758202270897336,0.5734624756101802,0.001911131406291268,0.0007961570274155878,0.9972927115662932,0.007461965021286659,0.0035881911277502654,0.9889498438509631,0.00043120595382562367,0.00017884168842954046,0.9993899523577449,0.0016220834402575395,0.0007388238211838632,0.9976390927385586
CGTTAGATCGCCATAA_NS_16,P3016,train,IIIA,III,Advanced,1,II_III,1,NK cells,T/NK cells,NK,mBrain,NS_16,mBrain,0.3643214415053842,0.43649859751918346,0.19917996097543228,0.40056408207968364,0.45171934334675806,0.1477165745735583,0.41082370192954804,0.3992984029465544,0.18987789512389752,0.1504706288315621,0.7940433167775401,0.05548605439089773,0.16631821514602874,0.7579286773205123,0.07575310753345901
GTAACTGGTTCTCATT_NS_16,P3016,train,IIIA,III,Advanced,1,II_III,1,B lymphocytes,B lymphocytes,MALT B cells,mBrain,NS_16,mBrain,0.5083999703607021,0.45061065410167406,0.04098937553762379,0.35613683278176483,0.6414326008839287,0.0024305663343064396,0.38523893655062447,0.6101994185564643,0.0045616448929111895,0.10654422219277906,0.8927214533992587,0.0007343244079622532,0.12522680974414258,0.8732843149723486,0.0014888752835089196
CCCAATCCAGGTCCAC_NS_12,P3012,train,IV,IV,Advanced,1,IV,2,Epithelial cells,Epithelial cells,Malignant cells,mBrain,NS_12,mBrain,0.1313803184329568,0.09498616139082074,0.7736335201762226,0.0014741201619386472,0.000532928887687595,0.9979929509503738,0.003244420565003351,0.0009261919006900542,0.9958293875343066,0.00032325183661735437,0.0001170047110866627,0.999559743452296,0.000667928041637364,0.00020855392836718146,0.9991235180299954
GACTACACACCGCTAG_NS_03,P3003,train,IV,IV,Advanced,1,IV,2,Epithelial cells,Epithelial cells,Malignant cells,mBrain,NS_03,mBrain,0.035886412273840734,0.03476418855830764,0.9293493991678516,2.401997388885794e-05,2.6297481742474412e-05,0.9999496825443687,4.036422671737995e-05,2.9040271711229664e-05,0.9999305955015714,5.111986017871488e-06,5.5859630037427345e-06,0.9999893020509784,7.295692776754046e-06,7.371626044464992e-06,0.9999853326811787
GTCGGGTCAAAGGAAG_NS_19,P3019,train,IV,IV,Advanced,1,IV,2,Myeloid cells,Myeloid cells,mo-Mac,mBrain,NS_19,mBrain,0.11125671608482135,0.06318054635222271,0.825562737562956,0.004329181879393359,0.0028839769266224527,0.9927868411939842,0.01137401692136622,0.005346013731106923,0.9832799693475269,0.0009300996648831389,0.0006216317112816239,0.9984482686238353,0.0024896491951261574,0.0010914899436450306,0.9964188608612288
GGCCGATTCACGATGT_NS_19,P3019,train,IV,IV,Advanced,1,IV,2,Myeloid cells,Myeloid cells,mo-Mac,mBrain,NS_19,mBrain,0.03785340621157676,0.06833357623889443,0.8938130175495288,0.0024744469268078895,0.004349058375162086,0.99317649469803,0.0027943391812353465,0.0035674235390348763,0.9936382372797298,0.0005295222212487897,0.000928702764200413,0.9985417750145508,0.0006054935756614066,0.0007525522527835009,0.9986419541715551
GGGAGATTCTTCGGTC_NS_19,P3019,train,IV,IV,Advanced,1,IV,2,Myeloid cells,Myeloid cells,mo-Mac,mBrain,NS_19,mBrain,0.30299221403797677,0.14634230290817202,0.5506654830538513,0.04116442441138503,0.0027581950430016744,0.9560773805456133,0.0725431261948468,0.004633708922892408,0.9228231648822608,0.00924801433652465,0.0006233835131214878,0.9901286021503539,0.015690194515437773,0.0010497548123517976,0.9832600506722105
CATCAGACAGACAGGT_NS_12,P3012,train,IV,IV,Advanced,1,IV,2,Epithelial cells,Epithelial cells,Malignant cells,mBrain,NS_12,mBrain,0.13225909907053787,0.09390212708803958,0.7738387738414226,0.0017476583769289284,0.0005888676232965443,0.9976634739997746,0.004746998134470785,0.0012879074650921176,0.9939650944004371,0.0003851854831774195,0.00013008614233614646,0.9994847283744865,0.0009982690182882398,0.0002855426669015134,0.9987161883148103
CTACATTCACTTGGAT_NS_19,P3019,train,IV,IV,Advanced,1,IV,2,B lymphocytes,B lymphocytes,Plasma cells,mBrain,NS_19,mBrain,0.3530392832055077,0.3172107541767537,0.3297499626177386,0.11328827381763763,0.15687024222901463,0.7298414839533478,0.2325828731277503,0.22198014566949123,0.5454369812027585,0.030502261898683034,0.042428360390993305,0.9270693777103237,0.07716629432767268,0.07116145139324681,0.8516722542790806
TCATTACGTTGGTAAA_NS_12,P3012,train,IV,IV,Advanced,1,IV,2,Epithelial cells,Epithelial cells,Malignant cells,mBrain,NS_12,mBrain,0.07487298979750606,0.07722766495744582,0.8478993452450482,2.1975246708378677e-06,6.2724830811692715e-06,0.999991529992248,1.3664035914328298e-05,2.5511424491773563e-05,0.999960824539594,4.953813977367778e-07,1.402778461206372e-06,0.9999981018401412,2.669680142567818e-06,5.78601109693956e-06,0.9999915443087606
GGATTACTCGCCCTTA_NS_17,P3017,train,IV,IV,Advanced,1,IV,2,Fibroblasts,Fibroblasts,Pericytes,mBrain,NS_17,mBrain,0.2640438923457797,0.41407903399589313,0.32187707365832724,0.015758125487427308,0.16507875832681754,0.8191631161857551,0.029579579775181768,0.23635880656021796,0.7340616136646003,0.003929725784823068,0.041446463601306084,0.9546238106138709,0.0072753313382294465,0.0620845916734414,0.9306400769883292
ATCATCTAGGGATCTG_NS_17,P3017,train,IV,IV,Advanced,1,IV,2,Epithelial cells,Epithelial cells,Malignant cells,mBrain,NS_17,mBrain,0.020257451872813748,0.0062463498390783745,0.973496198288108,2.21007919424046e-06,7.830393282284811e-07,0.9999970068814776,2.4338433235299692e-05,8.468142861002277e-06,0.9999671934239037,4.6882780446456943e-07,1.6765018302556734e-07,0.9999993635220125,4.914241432504181e-06,2.088524218855941e-06,0.9999929972343486
CTGCCTACACGGTAAG_NS_19,P3019,train,IV,IV,Advanced,1,IV,2,Epithelial cells,Epithelial cells,Malignant cells,mBrain,NS_19,mBrain,0.10134993269556461,0.08019441035342015,0.8184556569510153,4.9702773424008834e-08,9.673077016318221e-07,0.9999989829895249,1.2157442152762534e-05,6.882073301399553e-05,0.9999190218248333,1.0567946367209892e-08,2.0713733576443668e-07,0.9999997822947179,2.600014567616556e-06,1.4995992503742176e-05,0.9999824039929286
TTGGCAATCGAATGCT_NS_19,P3019,train,IV,IV,Advanced,1,IV,2,Epithelial cells,Epithelial cells,Malignant cells,mBrain,NS_19,mBrain,0.06985883720882825,0.048593304462003384,0.8815478583291684,6.657039480742682e-12,2.0216567499741428e-09,0.9999999979716863,3.691681459960571e-08,1.771897531379663e-06,0.999998191185654,1.4285714308465663e-12,4.3293302264714054e-10,0.9999999995656385,7.733672999206436e-09,3.818141829131403e-07,0.9999996104521441
TCCACACTCAGCCTAA_NS_19,P3019,train,IV,IV,Advanced,1,IV,2,Fibroblasts,Endothelial cells,Tumor ECs,mBrain,NS_19,mBrain,0.11182461684236476,0.11366689451381932,0.7745084886438159,2.8405220902664677e-06,2.3952969844540357e-05,0.9999732065080652,6.06297804357411e-05,0.0002085257255129848,0.9997308444940513,6.129302812912174e-07,5.176291862426986e-06,0.9999942107778563,1.4542832554635422e-05,4.1366456382293e-05,0.9999440907110632
CACATTTTCGGCGGTT_NS_13,P3013,train,IV,IV,Advanced,1,IV,2,Epithelial cells,Epithelial cells,Malignant cells,mBrain,NS_13,mBrain,0.14258933326665807,0.20991584184310808,0.6474948248902339,1e-12,1.7915402524761953e-12,0.9999999999972085,2.560496289375247e-11,4.532355541500819e-09,0.9999999954420395,1.4285714285719023e-12,1.4285714285719023e-12,0.999999999997143,5.381133400905515e-12,7.170510969529594e-10,0.9999999992775678
CGGGTCAAGTGGCACA_NS_12,P3012,train,IV,IV,Advanced,1,IV,2,Epithelial cells,Epithelial cells,Malignant cells,mBrain,NS_12,mBrain,0.09193030681426681,0.06065333091587095,0.8474163622698623,0.00126585757883805,0.0003154495934275813,0.9984186928277343,0.0020146143666943186,0.00039083292517959215,0.9975945527081261,0.0002719405922156859,6.799467821244976e-05,0.9996600647295719,0.00039096544141115877,9.367917245430084e-05,0.9995153553861346
TCCCGATCAGTTAACC_NS_17,P3017,train,IV,IV,Advanced,1,IV,2,Epithelial cells,Epithelial cells,Malignant cells,mBrain,NS_17,mBrain,0.02354636644018195,0.008217338439465437,0.9682362951203527,5.7757397804270125e-06,1.9110395778488514e-06,0.9999923132206417,4.7519704812591926e-05,1.5035432287834546e-05,0.9999374448628996,1.2267637688996806e-06,4.0952961910970557e-07,0.999998363706612,9.6057292199166e-06,3.7080543638430386e-06,0.9999866862164163
TAGAGCTAGTGCTGCC_NS_12,P3012,train,IV,IV,Advanced,1,IV,2,Myeloid cells,Myeloid cells,mo-Mac,mBrain,NS_12,mBrain,0.05572922176404022,0.030036292688639707,0.91423448554732,0.0020837921252504785,0.000412040147663769,0.9975041677270857,0.0033577812173137146,0.0005857013378825854,0.9960565174448037,0.0004465279973404343,8.85539466197459e-05,0.9994649180560399,0.000667193867315166,0.00012282187346535786,0.9992099842592195
CTTAACTTCTAGCACA_NS_12,P3012,train,IV,IV,Advanced,1,IV,2,Epithelial cells,Epithelial cells,Malignant cells,mBrain,NS_12,mBrain,0.11248393366016565,0.08559623962204392,0.8019198267177905,0.0002644931373860166,0.0001506799036767519,0.9995848269589372,0.000683633030498618,0.00028395984945108924,0.9990324071200504,5.82279141481544e-05,3.3132227195624084e-05,0.9999086398586562,0.0001380861300675656,6.584092634956019e-05,0.9997960729435829
ATGCGATAGTAGCGGT_NS_03,P3003,train,IV,IV,Advanced,1,IV,2,Epithelial cells,Epithelial cells,Malignant cells,mBrain,NS_03,mBrain,0.06359267240355142,0.0406797368914466,0.8957275907050021,0.0003771693542253134,0.0001098564431727787,0.999512974202602,0.0005362918096605801,0.00011535509435040508,0.999348353095989,8.031307988069245e-05,2.3446922606094874e-05,0.9998962399975132,9.948902491998934e-05,2.865646520590957e-05,0.9998718545098741
CGTGAGCGTTGTACAC_NS_13,P3013,train,IV,IV,Advanced,1,IV,2,Epithelial cells,Epithelial cells,Malignant cells,mBrain,NS_13,mBrain,0.2038757041877005,0.31103276234068156,0.485091533471618,9.430906534238663e-11,5.966966604089698e-09,0.9999999939387243,2.9117296592746725e-08,9.832294078996435e-07,0.9999989876532955,2.4752929371967194e-11,1.5144950758730986e-09,0.999999998460752,6.152413462482527e-09,1.6483034053067315e-07,0.999999829017246
ACTGAACAGGGTGTTG_NS_19,P3019,train,IV,IV,Advanced,1,IV,2,Myeloid cells,Myeloid cells,mo-Mac,mBrain,NS_19,mBrain,0.31677049950905944,0.1766193085266656,0.506610191964275,0.35112486222518596,0.19630806653985827,0.45256707123495576,0.3227232795786861,0.14562311691704818,0.5316536035042657,0.13199388451584207,0.07390821169166832,0.7940979037924897,0.1090703641597467,0.0468327583896196,0.8440968774506337
GGCTCGACATGTAGTC_NS_03,P3003,train,IV,IV,Advanced,1,IV,2,Epithelial cells,Epithelial cells,Malignant cells,mBrain,NS_03,mBrain,0.06011295516249121,0.040541146480449756,0.899345898357059,0.00015145835907591704,0.00010879962350589389,0.9997397420174182,0.00024689726253796743,0.00012326117517907277,0.999629841562283,3.2424244127002074e-05,2.3385391254006743e-05,0.999944190364619,5.0733687523622225e-05,3.206563651024821e-05,0.9999172006759662
CACATTTTCCTAGTGA_NS_19,P3019,train,IV,IV,Advanced,1,IV,2,Myeloid cells,Myeloid cells,mo-Mac,mBrain,NS_19,mBrain,0.4137813355105368,0.19244003247642613,0.39377863201303703,0.20100028971399125,0.022422025734459894,0.7765776845515489,0.22997291870960598,0.022906970312750356,0.7471201109776436,0.05283481578341473,0.005916457871092682,0.9412487263454926,0.059768171395076106,0.006065936419458346,0.9341658921854655
TCACAAGTCTTCGAGA_NS_03,P3003,train,IV,IV,Advanced,1,IV,2,Epithelial cells,Epithelial cells,Malignant cells,mBrain,NS_03,mBrain,0.055321538962370284,0.04123815392362535,0.9034403071140044,8.914375436901777e-05,6.28247586059013e-05,0.9998480314870251,0.00016618165141257048,8.154802571350579e-05,0.999752270322874,1.902000771828803e-05,1.3429703818752844e-05,0.999967550288463,3.141177316467641e-05,2.06005660767415e-05,0.9999479876607587
CCTAGCTTCCTCCTAG_NS_17,P3017,train,IV,IV,Advanced,1,IV,2,Epithelial cells,Epithelial cells,Malignant cells,mBrain,NS_17,mBrain,0.001998594151083378,0.0005704000674056887,0.9974310057815109,3.672939142307836e-11,9.53886876067461e-11,0.9999999998678819,4.1010764759551535e-09,8.579268029453272e-09,0.9999999873196554,7.77808866945782e-12,2.0340379067175257e-11,0.9999999999718815,7.970023811796009e-10,2.2008267779826325e-09,0.9999999970021708
CGGAGTCGTAGGGACT_NS_17,P3017,train,IV,IV,Advanced,1,IV,2,Epithelial cells,Epithelial cells,Malignant cells,mBrain,NS_17,mBrain,0.00664258343527392,0.0022425770884093705,0.9911148394763167,4.214474095737419e-08,2.856739709293855e-08,0.999999929287862,7.356252621084998e-07,4.6125592940981115e-07,0.9999988031188085,8.93036483108288e-09,6.097718481624344e-09,0.9999999849719168,1.4455744106998967e-07,1.1625360933528911e-07,0.9999997391889496
ACTTGTTAGGTGATAT_NS_12,P3012,train,IV,IV,Advanced,1,IV,2,Epithelial cells,Epithelial cells,Malignant cells,mBrain,NS_12,mBrain,0.07169187235608597,0.05650900692152852,0.8717991207223855,1.8487869850284132e-06,2.6634270141691035e-06,0.9999954877860009,1.1274301305807631e-05,1.0706327844323414e-05,0.9999780193708498,4.1697153556681917e-07,5.958791540706853e-07,0.9999989871493105,2.1466287815115897e-06,2.419002257335923e-06,0.9999954343689612
AGAATAGCAATCGAAA_NS_17,P3017,train,IV,IV,Advanced,1,IV,2,Myeloid cells,Myeloid cells,Microglia/Mac,mBrain,NS_17,mBrain,0.18360621166683955,0.06479514282500899,0.7515986455081515,0.013309161441262705,0.0019399968937016633,0.9847508416650357,0.02032964331065146,0.002842805431562196,0.9768275512577863,0.0028882004137054896,0.0004235235966386254,0.9966882759896559,0.004402374451691222,0.0006651704605459822,0.9949324550877628
CCCTCCTGTTAGGGTG_NS_12,P3012,train,IV,IV,Advanced,1,IV,2,Fibroblasts,Fibroblasts,Pericytes,mBrain,NS_12,mBrain,0.36865445837310384,0.28948686274539775,0.3418586788814984,0.16013591974337008,0.08352864293675116,0.7563354373198787,0.17734002009148478,0.07287098009725325,0.7497889998112619,0.04287168896947684,0.022478276396257015,0.9346500346342661,0.04556769754291787,0.017854031351500207,0.9365782711055819
ACGTCAAGTTCCATGA_NS_03,P3003,train,IV,IV,Advanced,1,IV,2,Epithelial cells,Epithelial cells,Malignant cells,mBrain,NS_03,mBrain,0.042062216819249716,0.031540738068121424,0.9263970451126289,4.414045212511429e-05,3.2057237017906314e-05,0.999923802310857,9.259775738507264e-05,4.5387188701971195e-05,0.999862015053913,9.404602764975902e-06,6.839571463003507e-06,0.999983755825772,1.7296688273582122e-05,1.1191162241940796e-05,0.9999715121494845
CAGATCAGTAATCACC_NS_19,P3019,train,IV,IV,Advanced,1,IV,2,Myeloid cells,Myeloid cells,mo-Mac,mBrain,NS_19,mBrain,0.20284948384929724,0.09504493844215939,0.7021055777085434,0.14376119888252023,0.022498765014847193,0.8337400361026326,0.13788169952689006,0.019881370643931032,0.842236929829179,0.03544656405376159,0.005565561435938741,0.9589878745102997,0.03328181942006868,0.004637043971701651,0.9620811366082297
CAGCAGCTCTCTAGGA_NS_06,P3006,train,IV,IV,Advanced,1,IV,2,Oligodendrocytes,,,mBrain,NS_06,mBrain,0.1816783313954123,0.5087241985929603,0.30959747001162746,0.037803803375973916,0.44194549451053516,0.520250702113491,0.042965175686076114,0.4460618296752229,0.510972994638701,0.013055089936157624,0.15286917291106789,0.8340757371527745,0.015067527756128594,0.1706287698261335,0.814303702417738
TCGAGGCAGTGCTGCC_NS_13,P3013,train,IV,IV,Advanced,1,IV,2,B lymphocytes,B lymphocytes,Follicular B cells,mBrain,NS_13,mBrain,0.49272879040315937,0.18180064236808857,0.3254705672287521,0.03116572225501168,0.004940858025473734,0.9638934197195146,0.0707442168444606,0.011410376684676288,0.9178454064708632,0.007138780111658432,0.001124060391631694,0.9917371594967099,0.016183473569906022,0.0027899197184101296,0.981026606711684
GCTCCTAAGCGAAGGG_NS_06,P3006,train,IV,IV,Advanced,1,IV,2,Myeloid cells,Myeloid cells,CD163+CD14+ DCs,mBrain,NS_06,mBrain,0.29919827198938587,0.1704942035417762,0.530307524468838,0.04064582534560549,0.03597688150258033,0.9233772931518143,0.07120515319084353,0.049547201253813816,0.8792476455553427,0.009363860342058883,0.008263658367816805,0.9823724812901243,0.015895848801832542,0.010219300795611345,0.9738848504025561
ACTGCTCTCAATCTCT_NS_06,P3006,train,IV,IV,Advanced,1,IV,2,Myeloid cells,Myeloid cells,Undetermined,mBrain,NS_06,mBrain,0.3012171766164631,0.12920113150840717,0.5695816918751297,0.1378231414940545,0.03245897815104504,0.8297178803549005,0.1841418886922155,0.033397397628220464,0.782460713679564,0.03410178245809737,0.008074143104631937,0.9578240744372707,0.04873054429030555,0.008576486055024434,0.9426929696546701
GTAACTGTCAATACCG_NS_19,P3019,train,IV,IV,Advanced,1,IV,2,Fibroblasts,Fibroblasts,FB-like cells,mBrain,NS_19,mBrain,0.1276176458087713,0.5206985759888254,0.3516837782024033,0.0008477406412151004,0.09370726505054909,0.9054449943082358,0.004228713832716823,0.19152291616784706,0.8042483699994362,0.00019368984741469664,0.021578824851588824,0.9782274853009965,0.0008681726140256334,0.04619891177214455,0.9529329156138299
GCTCCTACATATACGC_NS_12,P3012,train,IV,IV,Advanced,1,IV,2,Myeloid cells,Myeloid cells,mo-Mac,mBrain,NS_12,mBrain,0.3492144880934215,0.13329596027290463,0.5174895516336739,0.1829156656848502,0.021417718728232685,0.7956666155869171,0.14305695899271803,0.015316323911026785,0.8416267170962553,0.04721344484929145,0.005540561480526076,0.9472459936701825,0.03481663844627626,0.003820363507507566,0.9613629980462162
ATGGGAGCACATCCAA_NS_19,P3019,train,IV,IV,Advanced,1,IV,2,T lymphocytes,T/NK cells,CD8 low T,mBrain,NS_19,mBrain,0.12510484466675814,0.0492043320355712,0.8256908232976707,0.022282317573283236,0.0007968500041949464,0.9769208324225219,0.02745692963533155,0.0013646652092919626,0.9711784051553766,0.004848641914386781,0.00017420852619458568,0.9949771495594186,0.0060872871823665934,0.0003024814549085651,0.9936102313627249
ACGATGTAGGCGTACA_NS_12,P3012,train,IV,IV,Advanced,1,IV,2,Epithelial cells,Epithelial cells,Malignant cells,mBrain,NS_12,mBrain,0.06159896270136903,0.05851668358873738,0.8798843537098936,5.024496991275074e-07,1.9043400400396641e-06,0.9999975932102609,5.015174196049283e-06,1.0674814187442924e-05,0.9999843100116165,1.1289853538449547e-07,4.2456476799541016e-07,0.9999994625366966,9.58980968548531e-07,2.3695956262394682e-06,0.9999966714234053
CGTGTCTTCGGATGTT_NS_12,P3012,train,IV,IV,Advanced,1,IV,2,Myeloid cells,Myeloid cells,Undetermined,mBrain,NS_12,mBrain,0.34695848184784084,0.1617962715509944,0.4912452466011648,0.4069428816766732,0.06421422298797322,0.5288428953353536,0.2973291292605832,0.040950706774082093,0.6617201639653347,0.13940207572467583,0.02206559639310458,0.8385323278822195,0.08846597169098923,0.01239658485993306,0.8991374434490778
CGCCAAGTCTTCATGT_NS_13,P3013,train,IV,IV,Advanced,1,IV,2,MAST cells,MAST cells,MAST,mBrain,NS_13,mBrain,0.3777259859026847,0.27258092018029856,0.3496930939170167,0.1147476001586463,0.06363219327137129,0.8216202065699825,0.17195184823657397,0.09197622600970573,0.7360719257537203,0.028804500644476577,0.01581564157114146,0.955379857784382,0.044646808781027114,0.023111779930569273,0.9322414112884037
TAGAGCTAGCTGATAA_NS_16,P3016,train,IIIA,III,Advanced,1,II_III,1,B lymphocytes,B lymphocytes,MALT B cells,mBrain,NS_16,mBrain,0.4347128236429797,0.4154949898665004,0.1497921864905199,0.427528171686515,0.5113230696799819,0.061148758633503164,0.4325240726820898,0.4782524516055872,0.08922347571232302,0.1489252006933622,0.829592387791473,0.02148241151516482,0.15989749763619385,0.8076307827214018,0.03247171964240443
GTACTCCTCTTTACGT_NS_16,P3016,train,IIIA,III,Advanced,1,II_III,1,T lymphocytes,T/NK cells,CD8+/CD4+ Mixed Th,mBrain,NS_16,mBrain,0.3987187506138369,0.2960455381766139,0.3052357112095491,0.5723297929155782,0.2462234361708292,0.18144677091359268,0.5254534018642116,0.23860856074275377,0.23593803739303468,0.3005771616938552,0.6039704916488016,0.09545234665734327,0.2841138149043316,0.5915625471414165,0.12432363795425198
TACCTTATCTACCTGC_NS_13,P3013,train,IV,IV,Advanced,1,IV,2,MAST cells,MAST cells,MAST,mBrain,NS_13,mBrain,0.29890330552051414,0.275804838721734,0.4252918557577519,0.0832840750673296,0.05979479034968724,0.8569211345829831,0.11402611951326529,0.07474597541379732,0.8112279050729374,0.020138690189405947,0.014306377133717265,0.9655549326768769,0.027628810584402672,0.017604836798554905,0.9547663526170425
TCTTTCCTCCCTAACC_NS_17,P3017,train,IV,IV,Advanced,1,IV,2,Myeloid cells,Myeloid cells,Microglia/Mac,mBrain,NS_17,mBrain,0.07624560197876706,0.029666482253119967,0.894087915768113,0.0001836965084444495,5.469469927113868e-05,0.9997616087922844,0.0008738039269484347,0.0002352438009209223,0.9988909522721306,3.95487589953397e-05,1.1809952821018959e-05,0.9999486412881836,0.0001732274617844994,4.8638840687300235e-05,0.9997781336975282
ACACTGAAGAATCTCC_NS_17,P3017,train,IV,IV,Advanced,1,IV,2,Epithelial cells,Epithelial cells,Malignant cells,mBrain,NS_17,mBrain,0.0019643527846945766,0.0003998345276215477,0.9976358126876839,5.36027696327993e-11,7.4229188056245e-11,0.999999999872168,4.691833337131591e-09,6.4672852571455005e-09,0.9999999888408814,1.1317147434122156e-11,1.5802838830554078e-11,0.99999999997288,8.956279512146602e-10,1.7369594568618054e-09,0.9999999973674126
CCGGTAGAGGCAAAGA_NS_06,P3006,train,IV,IV,Advanced,1,IV,2,Myeloid cells,Myeloid cells,Undetermined,mBrain,NS_06,mBrain,0.05003255289712807,0.062035147160966676,0.8879322999419053,0.00639903492440625,0.004618772073697757,0.9889821930018959,0.007282117751414573,0.003937577010607865,0.9887803052379777,0.001375842192884621,0.00099479205056289,0.9976293657565525,0.0015685259968865137,0.0008302849098641986,0.9976011890932492
GACGGCTTCCACGCAG_NS_13,P3013,train,IV,IV,Advanced,1,IV,2,T lymphocytes,,,mBrain,NS_13,mBrain,0.6843799607606953,0.25855924832426824,0.05706079091503642,0.6695760407647876,0.22012857134341762,0.11029538789179483,0.6919670577854575,0.22770994310461348,0.08032299910992907,0.48255184471658047,0.15782961776567375,0.3596185375177457,0.5435079258054638,0.16351946969037365,0.29297260450416246
TTAACTCCAGCTGTGC_NS_19,P3019,train,IV,IV,Advanced,1,IV,2,Myeloid cells,Myeloid cells,mo-Mac,mBrain,NS_19,mBrain,0.24120146356366257,0.13061941876991384,0.6281791176664235,0.07043035177706226,0.0160086448390208,0.913561003383917,0.09214054734912606,0.017946456289808347,0.8899129963610656,0.016238743358568352,0.003704203909012467,0.9800570527324192,0.020704702033386608,0.00406041528945128,0.9752348826771621
TTATGCTCACGGATAG_NS_12,P3012,train,IV,IV,Advanced,1,IV,2,Epithelial cells,Epithelial cells,Malignant cells,mBrain,NS_12,mBrain,0.05115183093242462,0.041938184745838686,0.9069099843217366,3.2365533882486546e-07,6.500162832107508e-07,0.999999026328378,2.4175494115863644e-06,3.0621434114853794e-06,0.999994520307177,7.316041498644686e-08,1.455871529995276e-07,0.999999781252432,4.5644486511117545e-07,7.030113996819393e-07,0.9999988405437352
GCAAACTGTCAGAATA_NS_19,P3019,train,IV,IV,Advanced,1,IV,2,Myeloid cells,Myeloid cells,mo-Mac,mBrain,NS_19,mBrain,0.10718919268828622,0.07114354692081751,0.8216672603908962,0.019591203998404146,0.016429534429129675,0.9639792615724662,0.022366590442771103,0.01517875981300292,0.962454649744226,0.004325762950500272,0.003623914990538956,0.9920503220589608,0.0048649746853856365,0.003001044031819584,0.9921339812827948
GGAACTTCAAGTACCT_NS_17,P3017,train,IV,IV,Advanced,1,IV,2,T lymphocytes,T/NK cells,Exhausted CD8+ T,mBrain,NS_17,mBrain,0.03384807652718868,0.017742313478199507,0.9484096099946119,0.00021119495963346007,3.8291957166111795e-05,0.9997505130832004,0.0006306013617186964,0.00013287890198040344,0.9992365197363009,4.493550379174478e-05,8.198917177699769e-06,0.9999468655790306,0.00013388648496221768,3.132487802289722e-05,0.9998347886370149
TGCACCTTCAGAAATG_NS_13,P3013,train,IV,IV,Advanced,1,IV,2,T lymphocytes,T/NK cells,Undetermined,mBrain,NS_13,mBrain,0.31865244628082995,0.09446335353880544,0.5868842001803646,0.026302644881148692,0.0005915901271939437,0.9731057649916574,0.05152231303099666,0.0015484142482736199,0.9469292727207298,0.005857157764218423,0.00013163047344540103,0.9940112117623362,0.011418430799082497,0.000325916236641484,0.988255652964276
CCTACCAAGCCGGTAA_NS_03,P3003,train,IV,IV,Advanced,1,IV,2,Epithelial cells,Epithelial cells,Malignant cells,mBrain,NS_03,mBrain,0.052807479301042196,0.043842676903715225,0.9033498437952425,0.00020617989453771134,0.00010879095371712248,0.9996850291517452,0.00030339825720258684,0.00011279415755721413,0.9995838075852402,4.3905667278577846e-05,2.319970445982817e-05,0.9999328946282616,5.684895391182074e-05,2.8093671210607294e-05,0.9999150573748776
CGAGCCACACCAGCAC_NS_03,P3003,train,IV,IV,Advanced,1,IV,2,Epithelial cells,Epithelial cells,Malignant cells,mBrain,NS_03,mBrain,0.01200872838677917,0.021451259724736396,0.9665400118884845,1.0806207776029832e-06,6.7557565018637765e-06,0.9999921636227206,2.1332623682019986e-06,6.838019339910506e-06,0.9999910287182919,2.3082657108444422e-07,1.4384554792687765e-06,0.9999983307179496,4.2905117030230866e-07,1.791923536474701e-06,0.9999977790252933
CATGCCTCAATGGTCT_NS_13,P3013,train,IV,IV,Advanced,1,IV,2,B lymphocytes,B lymphocytes,Follicular B cells,mBrain,NS_13,mBrain,0.5348588807711602,0.07452672735531758,0.39061439187352226,0.05870046802094974,0.0006166792038198837,0.9406828527752303,0.12434433602508735,0.0019802279285892643,0.8736754360463234,0.013687431683688982,0.00014363942430863782,0.9861689288920024,0.029277494474245682,0.0005176231900799663,0.9702048823356744
GGGATGACAAAGCAAT_NS_03,P3003,train,IV,IV,Advanced,1,IV,2,Epithelial cells,Epithelial cells,Malignant cells,mBrain,NS_03,mBrain,0.07556472622455412,0.06513480777813128,0.8593004659973146,0.003368713408169696,0.001034964935938774,0.9955963216558915,0.00416280200390127,0.0009626648805956635,0.9948745331155031,0.0007203396334977602,0.0002222554122545519,0.9990574049542477,0.0008397188040171349,0.00022965567106139135,0.9989306255249215
ATAAGAGCATGTAAGA_NS_13,P3013,train,IV,IV,Advanced,1,IV,2,B lymphocytes,B lymphocytes,Plasma cells,mBrain,NS_13,mBrain,0.4372603034405473,0.3247355825441713,0.23800411401528138,0.2948862356924353,0.16907099233480832,0.5360427719727564,0.3726818724962664,0.1923290826681283,0.4349890448356054,0.10057122152522004,0.057653480320855696,0.8417752981539243,0.1429582986178963,0.07043684523311405,0.7866048561489897
CTGATAGTCGAACGGA_NS_19,P3019,train,IV,IV,Advanced,1,IV,2,Myeloid cells,Myeloid cells,CD1c+ DCs,mBrain,NS_19,mBrain,0.07055323738776163,0.029274357436248285,0.9001724051759901,0.0011858714371451309,0.0001421161975809638,0.9986720123652739,0.002997196515454694,0.00035899703691967696,0.9966438064476256,0.00025351479122390555,3.030864007558864e-05,0.9997161765687006,0.0006305348433476009,7.643803792813194e-05,0.9992930271187243
GACGCGTCAGATAATG_NS_03,P3003,train,IV,IV,Advanced,1,IV,2,Epithelial cells,Epithelial cells,Malignant cells,mBrain,NS_03,mBrain,0.056519751892013845,0.043860164667651566,0.8996200834403346,0.0001714232632665278,9.109983982589809e-05,0.9997374768969076,0.0002618021637107279,0.00010063560109484832,0.9996375622351944,3.651441893240055e-05,1.9427381502290193e-05,0.9999440581995653,4.864600354501909e-05,2.532178126225515e-05,0.9999260322151927
TACTTACGTCTAAAGA_NS_17,P3017,train,IV,IV,Advanced,1,IV,2,Epithelial cells,Epithelial cells,Malignant cells,mBrain,NS_17,mBrain,0.016350028028398595,0.004795857994970204,0.9788541139766312,1.1265834612750153e-06,3.790656216220954e-07,0.9999984943509171,1.3847102069771343e-05,4.600591358533087e-06,0.9999815523065717,2.3895765511535094e-07,8.115904941258748e-08,0.9999996798832955,2.7881378958557256e-06,1.1442136248117467e-06,0.9999960676484794
ACGGAGAGTTACAGAA_NS_03,P3003,train,IV,IV,Advanced,1,IV,2,Epithelial cells,Epithelial cells,Malignant cells,mBrain,NS_03,mBrain,0.06186201164239945,0.04162237176974262,0.8965156165878579,0.00030900940264608705,0.00010977199340409437,0.9995812186039499,0.00045653272223339895,0.00011908959031911268,0.9994243776874475,6.581113033086215e-05,2.342884505571977e-05,0.9999107600246134,8.478824386632987e-05,2.9545279096965468e-05,0.9998856664770367
GGCGTGTCACACCGAC_NS_19,P3019,train,IV,IV,Advanced,1,IV,2,Myeloid cells,Myeloid cells,mo-Mac,mBrain,NS_19,mBrain,0.33830820098197506,0.1741983653739886,0.48749343364403624,0.05145898138117459,0.006321819197176358,0.942219199421649,0.09118392208234927,0.010097779805226338,0.8987182981124244,0.011696042998341875,0.0014432447794634846,0.9868607122221946,0.020290763271449193,0.0022937163303178012,0.9774155203982331
TCGCGAGGTGTCTGAT_NS_17,P3017,train,IV,IV,Advanced,1,IV,2,T lymphocytes,,,mBrain,NS_17,mBrain,0.18159289493060565,0.03342191360989186,0.7849851914595025,0.0059554805573266,0.00017621981674219233,0.9938682996259313,0.016478661956329726,0.0006899379078139931,0.9828314001358562,0.0012764031883430102,3.8032103843336095e-05,0.9986855647078137,0.003471763141182662,0.0001576691866101455,0.9963705676722072
CCATGTCCAGTCAGAG_NS_03,P3003,train,IV,IV,Advanced,1,IV,2,Myeloid cells,Myeloid cells,Monocytes,mBrain,NS_03,mBrain,0.2234854989361389,0.11054681434361346,0.6659676867202476,0.004247827383353521,0.00016593790520268037,0.9955862347114438,0.013312116793765526,0.0005093870537351143,0.9861784961524994,0.000927546244737187,3.650135272397959e-05,0.9990359524025388,0.0026427231110393444,0.00011249657148184592,0.9972447803174789
ATTGGTGAGCGGCTTC_NS_17,P3017,train,IV,IV,Advanced,1,IV,2,Epithelial cells,Epithelial cells,Malignant cells,mBrain,NS_17,mBrain,0.019947958234002916,0.006399303040812044,0.9736527387251851,2.478019086098274e-06,9.579977348337407e-07,0.999996563983179,2.4669466505677235e-05,9.070995888285354e-06,0.9999662595376061,5.267798492983585e-07,2.0564888076231608e-07,0.99999926757127,5.11993709570502e-06,2.272292377011481e-06,0.9999926077705272
CTGCTGTAGTCGCCGT_NS_03,P3003,train,IV,IV,Advanced,1,IV,2,Epithelial cells,Epithelial cells,Malignant cells,mBrain,NS_03,mBrain,0.060195103976808224,0.0388719983156836,0.9009328977075082,0.00025939857671576855,8.44366368290164e-05,0.9996561647864552,0.00037762874131109326,8.946136395999194e-05,0.999532909894729,5.523101594366363e-05,1.8014489127814895e-05,0.9999267544949285,6.97030451244341e-05,2.2331588718594792e-05,0.999907965366157
ACGCCAGTCGCTTGTC_NS_16,P3016,train,IIIA,III,Advanced,1,II_III,1,Myeloid cells,Myeloid cells,mo-Mac,mBrain,NS_16,mBrain,0.06683313862129801,0.07186621264449332,0.8613006487342088,0.0017703290783337277,0.0016418091488730451,0.9965878617727932,0.003634178554056018,0.0026172508264199618,0.993748570619524,0.0017618435572900953,0.007613934267634039,0.990624222175076,0.003404991730332913,0.010790749829497378,0.9858042584401697
CCATTCGGTGTTGAGG_NS_13,P3013,train,IV,IV,Advanced,1,IV,2,MAST cells,MAST cells,MAST,mBrain,NS_13,mBrain,0.43079375754787463,0.22985455078527184,0.3393516916668536,0.4671643910863924,0.09138060379176295,0.44145500512184466,0.489319952270153,0.10126208949394165,0.40941795823590543,0.17786136784554618,0.034628084818744874,0.7875105473357089,0.18905288379085436,0.039178306902700064,0.7717688093064456
GGGATGACACATCTTT_NS_19,P3019,train,IV,IV,Advanced,1,IV,2,Myeloid cells,Myeloid cells,mo-Mac,mBrain,NS_19,mBrain,0.0014347264807261174,0.014862474943071134,0.9837027985762028,9.98935780770102e-08,9.127950143544998e-06,0.9999907721562784,3.5873822436259147e-07,1.2939101552767737e-05,0.9999867021602229,2.127585047544451e-08,1.9167811227809177e-06,0.9999980619430268,7.572906757522699e-08,2.474086969367548e-06,0.999997450183963
TGACAACAGTGGGTTG_NS_03,P3003,train,IV,IV,Advanced,1,IV,2,Epithelial cells,Epithelial cells,Malignant cells,mBrain,NS_03,mBrain,0.06564312671393745,0.041843645711894764,0.8925132275741678,0.0004434144743960778,0.0001256599650506019,0.9994309255605534,0.000625508118905786,0.000131640654878976,0.9992428512262153,9.443739852417974e-05,2.6830125520172173e-05,0.9998787324759557,0.00011655791008424819,3.2636771352708944e-05,0.9998508053185631
CGTTCTGCAGTGACAG_NS_03,P3003,train,IV,IV,Advanced,1,IV,2,Epithelial cells,Epithelial cells,Malignant cells,mBrain,NS_03,mBrain,0.06368480463424339,0.039625480776558114,0.8966897145891984,0.0003484808573333053,9.651519543631133e-05,0.9995550039472304,0.0004983482436616029,0.00010270840158127863,0.9993989433547572,7.420096836371707e-05,2.0595713852481225e-05,0.9999052033177838,9.217035616369102e-05,2.5521092410251026e-05,0.999882308551426
CAGCTAAAGTACACCT_NS_03,P3003,train,IV,IV,Advanced,1,IV,2,Epithelial cells,Epithelial cells,Malignant cells,mBrain,NS_03,mBrain,0.06368018721609575,0.04435851104082968,0.8919613017430745,0.00029001982282121283,0.00020735717201153354,0.9995026230051672,0.0004668974433306421,0.00023532404898664582,0.9992977785076828,6.225178952643358e-05,4.475904083990612e-05,0.9998929891696338,0.000102617145644306,6.0694190051521563e-05,0.9998366886643042
CGACCTTTCTGCTGTC_NS_03,P3003,train,IV,IV,Advanced,1,IV,2,Myeloid cells,Myeloid cells,mo-Mac,mBrain,NS_03,mBrain,0.14938143418546912,0.10233272992499959,0.7482858358895313,0.08691385244179547,0.03573745753202504,0.8773486900261794,0.06738592079267751,0.022113873050730752,0.9105002061565918,0.02058686775590892,0.008474437577213459,0.9709386946668777,0.015603749392481771,0.004956193620713516,0.9794400569868047
TCACGAAAGGACAGAA_NS_12,P3012,train,IV,IV,Advanced,1,IV,2,Epithelial cells,Epithelial cells,Malignant cells,mBrain,NS_12,mBrain,0.053886815545361386,0.04301785330773002,0.9030953311469085,1.7876988929389407e-06,2.4668607490107695e-06,0.9999957454403581,9.433350743084595e-06,8.535925686457692e-06,0.9999820307235705,3.9886940888000343e-07,5.467137925872548e-07,0.9999990544167986,1.756759905098721e-06,1.9617111285970764e-06,0.9999962815289664
CTCCTAGGTATCACCA_NS_12,P3012,train,IV,IV,Advanced,1,IV,2,Epithelial cells,Epithelial cells,Malignant cells,mBrain,NS_12,mBrain,0.10812633080483286,0.09578981379727951,0.7960838553978876,0.00023547954117967976,0.0001963500351665255,0.9995681704236539,0.0006385633672932698,0.0003976154394192276,0.9989638211932875,5.1710532856481586e-05,4.306248378061557e-05,0.9999052269833629,0.00012735859739234468,9.308043090963829e-05,0.9997795609716981
CTTGGCTTCTAGCACA_NS_17,P3017,train,IV,IV,Advanced,1,IV,2,Myeloid cells,Myeloid cells,CD163+CD14+ DCs,mBrain,NS_17,mBrain,0.20768378196998769,0.09739474738454326,0.694921470645469,0.013862851862731012,0.010371198919538995,0.9757659492177301,0.02707125909197503,0.019404387372023733,0.9535243535360013,0.0030279495383503875,0.0022683960304912864,0.9947036544311584,0.005940495206332471,0.004468109004640093,0.9895913957890274
AGTGGGATCAGCATGT_NS_13,P3013,train,IV,IV,Advanced,1,IV,2,MAST cells,MAST cells,MAST,mBrain,NS_13,mBrain,0.38811776388087904,0.2541329503467533,0.35774928577236775,0.0942866514030004,0.044432953086694885,0.8612803955103047,0.15305382090441594,0.06954581812858705,0.7774003609669969,0.02290254682902634,0.01067591347591851,0.9664215396950552,0.038106824493705664,0.016755904315408746,0.9451372711908856
CCTACACGTAAACACA_NS_06,P3006,train,IV,IV,Advanced,1,IV,2,Oligodendrocytes,,,mBrain,NS_06,mBrain,0.18503250896220003,0.45618722189897254,0.3587802691388274,0.07067006244848673,0.4622904247987188,0.4670395127527946,0.07427368951026274,0.44140022367018666,0.4843260868195505,0.026068987171433505,0.1710850754993393,0.8028459373292273,0.027405883388662566,0.17586093501771038,0.796733181593627
